X = 
 
1  2  3  4  5   
6  7  8  9  10   
11  12  0  14  15   
16  0  18  19  20   
21  22  23  24  25   



X_csr.pr = matrix(23, 1)
( 1 )
( 2 )
( 3 )
( 4 )
( 5 )
( 6 )
( 7 )
( 8 )
( 9 )
( 10 )
( 11 )
( 12 )
( 14 )
( 15 )
( 16 )
( 18 )
( 19 )
( 20 )
( 21 )
( 22 )
( 23 )
( 24 )
( 25 )

X_csr.ir = matrix(23, 1)
( 0 )
( 1 )
( 2 )
( 3 )
( 4 )
( 0 )
( 1 )
( 2 )
( 3 )
( 4 )
( 0 )
( 1 )
( 3 )
( 4 )
( 0 )
( 2 )
( 3 )
( 4 )
( 0 )
( 1 )
( 2 )
( 3 )
( 4 )

X_csr.jc = matrix(6, 1)
( 0 )
( 5 )
( 10 )
( 14 )
( 18 )
( 23 )

