matrix(6000, 1)
( -1.19272e-07 )
( -3.42019e-08 )
( 1.36289e-07 )
( 5.81406e-08 )
( -2.06114e-08 )
( -8.70147e-08 )
( -7.55097e-09 )
( -5.9797e-09 )
( 4.36642e-08 )
( 2.56272e-08 )
( 3.76524e-08 )
( 4.227e-08 )
( 4.28726e-08 )
( 2.00404e-08 )
( 2.20756e-08 )
( 1.52969e-08 )
( 3.6305e-08 )
( 7.22978e-08 )
( 4.53688e-08 )
( 4.88207e-08 )
( 3.54275e-08 )
( 3.30899e-08 )
( 1.32796e-08 )
( 2.16488e-08 )
( 6.54427e-08 )
( 2.20246e-08 )
( 2.02371e-08 )
( 3.84405e-08 )
( 1.01448e-08 )
( 7.21783e-08 )
( 3.64801e-08 )
( 2.99019e-08 )
( 2.15112e-08 )
( 4.52209e-08 )
( 2.03284e-08 )
( 2.08233e-08 )
( 6.95457e-08 )
( 6.21936e-08 )
( 1.67091e-07 )
( 1.64393e-07 )
( 7.01239e-08 )
( 7.49684e-08 )
( 7.89146e-08 )
( 2.94304e-08 )
( 4.31644e-08 )
( 3.79669e-08 )
( 4.95229e-08 )
( 5.17114e-08 )
( 5.50065e-08 )
( 2.74701e-09 )
( -1.27186e-09 )
( -2.48676e-08 )
( -1.97132e-08 )
( -8.90895e-09 )
( 3.65679e-09 )
( 1.48293e-08 )
( 2.85611e-08 )
( 6.35922e-08 )
( 4.0791e-08 )
( 1.54844e-08 )
( 4.56317e-08 )
( -3.81317e-09 )
( 2.37768e-08 )
( 1.58854e-08 )
( 3.66887e-08 )
( 1.40789e-07 )
( 7.51664e-08 )
( 7.66459e-08 )
( 5.21131e-08 )
( 8.00654e-08 )
( 6.65386e-08 )
( 2.75926e-08 )
( -5.71545e-09 )
( 4.08904e-10 )
( 4.10899e-09 )
( 4.63562e-09 )
( 3.98577e-08 )
( -1.67459e-09 )
( -1.25802e-08 )
( -2.6545e-08 )
( 9.69741e-09 )
( -2.5435e-08 )
( -6.96422e-09 )
( -4.38392e-08 )
( 1.71733e-08 )
( 2.01917e-08 )
( 5.99728e-08 )
( 1.47157e-07 )
( 3.9804e-08 )
( 1.55973e-08 )
( 4.76324e-08 )
( 7.52674e-08 )
( 6.55784e-08 )
( 7.46548e-08 )
( 7.44815e-08 )
( 8.51062e-08 )
( 2.80107e-08 )
( 2.40759e-08 )
( 2.80377e-08 )
( -4.97561e-08 )
( -3.54008e-08 )
( 4.6187e-09 )
( -2.79106e-08 )
( 7.20529e-08 )
( 4.91801e-08 )
( 9.1551e-08 )
( 1.02098e-07 )
( 4.13428e-08 )
( 3.59133e-08 )
( 3.0593e-08 )
( 3.09178e-08 )
( -1.54195e-09 )
( 1.4228e-08 )
( 7.04087e-09 )
( 2.07488e-08 )
( 2.28583e-08 )
( 4.93274e-08 )
( 4.19648e-08 )
( 5.22736e-08 )
( 9.15482e-09 )
( 3.18964e-09 )
( -6.4718e-09 )
( -4.1566e-09 )
( -1.03757e-08 )
( -2.59341e-08 )
( -2.40235e-08 )
( -2.56734e-08 )
( 5.7889e-09 )
( 6.40551e-09 )
( 2.01266e-08 )
( 2.78482e-08 )
( -7.78022e-09 )
( 6.20628e-09 )
( 1.47214e-08 )
( 1.53835e-08 )
( 1.59039e-08 )
( 2.55914e-08 )
( 1.58608e-08 )
( 1.75021e-08 )
( 4.29541e-08 )
( -1.02509e-08 )
( -2.29132e-08 )
( 6.69435e-08 )
( 1.50222e-08 )
( 3.01336e-08 )
( 4.60301e-09 )
( 2.2436e-08 )
( -3.57796e-09 )
( 1.29662e-08 )
( 1.55357e-08 )
( -1.10656e-09 )
( 3.57297e-08 )
( 4.79161e-08 )
( 3.41573e-08 )
( 6.41919e-08 )
( 5.48918e-08 )
( 1.69454e-09 )
( 8.05695e-09 )
( 1.95778e-08 )
( 2.88992e-08 )
( 2.39304e-09 )
( 2.92833e-08 )
( 1.81266e-08 )
( 1.97257e-08 )
( 7.79481e-10 )
( 4.39026e-09 )
( 2.16034e-09 )
( -8.18125e-09 )
( 2.32918e-08 )
( -1.16247e-08 )
( -2.13145e-08 )
( 2.37099e-08 )
( -9.41267e-09 )
( -7.47349e-09 )
( -1.70682e-08 )
( -3.71157e-09 )
( -2.80156e-08 )
( -3.86736e-08 )
( -8.1206e-08 )
( -4.17345e-08 )
( -5.86239e-08 )
( -2.74104e-08 )
( 2.93109e-08 )
( -4.61083e-08 )
( -5.91492e-08 )
( 5.09987e-10 )
( -4.00508e-08 )
( -4.96067e-08 )
( 5.34103e-08 )
( 3.06094e-09 )
( -9.46269e-10 )
( -3.84409e-08 )
( 1.41672e-08 )
( -7.81127e-09 )
( 1.50948e-08 )
( -2.32536e-08 )
( 3.91496e-08 )
( 4.01802e-08 )
( 3.0108e-08 )
( 6.46069e-08 )
( 7.12877e-08 )
( 7.04111e-08 )
( 1.27936e-08 )
( -1.67211e-08 )
( 2.9368e-08 )
( 1.50306e-08 )
( 1.08945e-08 )
( 3.98426e-08 )
( 2.38922e-08 )
( 1.74262e-08 )
( 1.60325e-08 )
( 2.69179e-08 )
( -4.40637e-08 )
( -1.9306e-08 )
( 1.11109e-08 )
( -2.81591e-08 )
( 9.80279e-08 )
( 8.07326e-08 )
( -2.58796e-08 )
( 5.21239e-09 )
( -3.71288e-08 )
( -4.4968e-08 )
( -9.17736e-08 )
( -1.00978e-07 )
( -1.09554e-08 )
( -1.28066e-08 )
( -1.6305e-09 )
( -1.07353e-08 )
( 4.73339e-08 )
( 4.29773e-08 )
( -1.45143e-08 )
( 2.70515e-08 )
( 1.31092e-08 )
( 2.1391e-08 )
( 1.11356e-08 )
( 4.13302e-08 )
( 2.21978e-08 )
( 4.04506e-08 )
( 3.04146e-08 )
( 9.23276e-09 )
( 2.76452e-08 )
( 1.8954e-08 )
( 7.35259e-10 )
( 2.14517e-08 )
( 2.02639e-08 )
( 1.6026e-08 )
( 5.91041e-09 )
( -2.16345e-09 )
( -2.12107e-08 )
( 1.69399e-08 )
( 1.21998e-08 )
( 1.91709e-08 )
( 3.86482e-08 )
( 3.06134e-08 )
( 3.59496e-08 )
( 3.72504e-08 )
( 4.24029e-08 )
( 2.62478e-08 )
( 4.99823e-09 )
( 1.21648e-08 )
( 3.36853e-08 )
( 8.47431e-08 )
( 7.2202e-08 )
( 6.10207e-08 )
( -1.59527e-08 )
( -6.31254e-08 )
( -3.48308e-08 )
( 1.23986e-08 )
( 1.52158e-09 )
( 6.04535e-09 )
( -6.56645e-09 )
( -3.34207e-09 )
( -1.21909e-08 )
( -1.58515e-08 )
( -2.1491e-08 )
( 2.09849e-08 )
( -2.7152e-08 )
( -1.20176e-08 )
( -5.13975e-08 )
( -8.09331e-08 )
( -5.7213e-08 )
( -4.13156e-08 )
( 1.43297e-08 )
( -1.781e-09 )
( 1.71217e-08 )
( 2.86796e-09 )
( 1.05044e-08 )
( 6.70223e-09 )
( 1.50834e-08 )
( 2.13239e-08 )
( -1.0773e-08 )
( 1.25029e-08 )
( 2.71909e-08 )
( 2.45975e-08 )
( 4.93758e-08 )
( 4.50021e-08 )
( -2.84568e-09 )
( 1.12488e-08 )
( 3.05152e-08 )
( 2.17663e-08 )
( 6.21355e-08 )
( 4.28724e-08 )
( 2.23367e-08 )
( 5.11723e-08 )
( 6.20847e-08 )
( 8.27396e-08 )
( 1.45217e-08 )
( 6.66776e-08 )
( 3.56321e-08 )
( 1.17428e-08 )
( 1.06703e-08 )
( 1.49735e-08 )
( 1.16119e-08 )
( -5.2918e-09 )
( 2.3931e-08 )
( -1.20921e-10 )
( -5.38029e-09 )
( 3.65944e-08 )
( -1.35349e-09 )
( 3.81145e-09 )
( 4.45189e-08 )
( 3.09208e-08 )
( 6.7258e-09 )
( 1.15329e-08 )
( -8.5443e-11 )
( -2.74052e-08 )
( -4.15979e-08 )
( -8.70352e-08 )
( -6.36214e-08 )
( -5.80726e-08 )
( -7.96538e-09 )
( 7.27335e-08 )
( -5.69219e-08 )
( -5.06219e-08 )
( -6.88415e-08 )
( 1.23245e-08 )
( 2.09329e-08 )
( -6.0985e-08 )
( -8.23291e-08 )
( -7.04639e-08 )
( -6.52793e-08 )
( -3.69178e-08 )
( -6.97061e-08 )
( -5.17646e-08 )
( -6.38003e-08 )
( -3.7837e-08 )
( -6.33397e-08 )
( -4.93159e-08 )
( 5.76757e-09 )
( -3.47515e-08 )
( -5.15552e-08 )
( -9.98404e-08 )
( -8.61465e-08 )
( -4.60161e-08 )
( -6.7206e-08 )
( 9.27295e-09 )
( 1.16392e-08 )
( -1.70868e-08 )
( -2.45337e-08 )
( 1.1561e-08 )
( -2.14325e-08 )
( 5.074e-10 )
( -3.17721e-08 )
( 2.52638e-08 )
( 1.52318e-08 )
( 7.0468e-09 )
( 3.80446e-08 )
( 5.52088e-08 )
( 5.3481e-08 )
( -2.69631e-08 )
( 3.74373e-08 )
( 6.01952e-09 )
( 2.90083e-08 )
( 6.11177e-08 )
( 5.61748e-08 )
( 5.00646e-08 )
( 2.0061e-08 )
( 9.088e-08 )
( 5.99886e-08 )
( 1.17884e-08 )
( 5.54659e-08 )
( 6.19077e-08 )
( 4.58917e-09 )
( 9.10953e-09 )
( 2.33591e-08 )
( -6.79903e-08 )
( -3.61989e-08 )
( 1.91636e-08 )
( -9.05741e-09 )
( 6.78467e-08 )
( 5.52186e-08 )
( 3.76963e-08 )
( 6.51501e-08 )
( 2.19727e-08 )
( 1.3285e-09 )
( -1.71095e-08 )
( -1.78807e-08 )
( -1.03242e-07 )
( -8.86795e-08 )
( -5.28084e-08 )
( -6.11669e-08 )
( 1.31707e-08 )
( 4.11201e-09 )
( 7.23774e-08 )
( 6.69715e-08 )
( 1.01394e-07 )
( 1.04147e-07 )
( 1.07725e-07 )
( 1.0351e-07 )
( 2.69532e-08 )
( 7.72686e-08 )
( 7.09e-08 )
( 1.50436e-08 )
( -5.82019e-10 )
( 2.04451e-08 )
( -5.20906e-10 )
( 3.08649e-08 )
( 3.24403e-08 )
( 8.39788e-09 )
( 3.80173e-08 )
( 3.56284e-08 )
( 1.86699e-08 )
( 3.49761e-08 )
( 2.6936e-08 )
( 1.88066e-08 )
( 2.89357e-08 )
( 2.3716e-08 )
( 1.01641e-08 )
( 1.23409e-08 )
( 1.33327e-08 )
( -1.49856e-08 )
( 2.03152e-08 )
( 2.11332e-08 )
( 1.28559e-08 )
( 3.43238e-08 )
( 1.54155e-08 )
( 2.55607e-08 )
( 5.43692e-08 )
( 5.09777e-08 )
( 3.91457e-08 )
( 2.49219e-08 )
( 2.63824e-08 )
( 6.04191e-08 )
( 6.99221e-08 )
( 1.00604e-07 )
( 9.09372e-08 )
( 5.54016e-08 )
( -8.09013e-09 )
( 2.43329e-08 )
( 3.86612e-08 )
( 3.78813e-08 )
( 1.45294e-08 )
( -9.99551e-09 )
( 7.0251e-09 )
( 2.31618e-08 )
( 3.80897e-08 )
( 1.42282e-08 )
( -2.54878e-08 )
( -7.73888e-08 )
( -4.94537e-08 )
( -3.32812e-08 )
( -2.58882e-08 )
( -2.78442e-08 )
( -1.30421e-08 )
( -7.38389e-08 )
( -7.46516e-08 )
( -6.97383e-08 )
( 9.9791e-09 )
( -2.95998e-09 )
( 1.39631e-09 )
( -1.12064e-08 )
( -6.61026e-09 )
( -2.56683e-08 )
( 1.66881e-10 )
( -7.85833e-09 )
( 1.54006e-09 )
( -1.75624e-08 )
( -1.1741e-08 )
( -5.51965e-08 )
( -2.1183e-08 )
( -4.39342e-10 )
( 2.87382e-08 )
( 3.96234e-08 )
( 5.30424e-08 )
( -1.25839e-08 )
( 1.62862e-08 )
( 6.55436e-08 )
( 8.65798e-08 )
( 8.85974e-08 )
( 1.31995e-07 )
( 1.31931e-07 )
( 4.92667e-09 )
( -2.97597e-10 )
( 1.87713e-08 )
( 1.71893e-08 )
( 2.21606e-08 )
( -1.60714e-08 )
( 1.17856e-08 )
( 3.05944e-08 )
( 2.02312e-08 )
( 4.53784e-08 )
( 4.20604e-08 )
( 3.30519e-08 )
( 3.34145e-08 )
( 5.40908e-08 )
( 4.092e-08 )
( 6.92e-08 )
( 5.98576e-08 )
( 6.22064e-08 )
( 4.39987e-08 )
( 7.40538e-08 )
( 3.05596e-08 )
( 7.21764e-08 )
( 4.19725e-08 )
( 1.01451e-07 )
( 1.44961e-07 )
( 5.14234e-08 )
( 7.22131e-08 )
( 3.05271e-08 )
( 5.45845e-08 )
( 4.3651e-08 )
( -8.0908e-10 )
( 1.9011e-08 )
( 2.69272e-08 )
( 2.24318e-08 )
( 5.99306e-09 )
( 3.29248e-08 )
( 1.6156e-08 )
( 1.31591e-08 )
( 4.30608e-08 )
( 1.39967e-09 )
( 2.03172e-08 )
( 4.45403e-08 )
( -6.68832e-09 )
( 1.31418e-08 )
( 1.9659e-08 )
( 5.10747e-09 )
( -9.06142e-09 )
( 4.13485e-09 )
( 6.00721e-09 )
( -1.68477e-08 )
( -2.60982e-08 )
( -4.63324e-08 )
( -5.97641e-08 )
( -5.72371e-08 )
( -1.81355e-08 )
( 6.26385e-08 )
( -3.69684e-08 )
( 8.3945e-10 )
( -6.56566e-08 )
( 4.273e-08 )
( 5.70409e-08 )
( 1.13523e-08 )
( -1.60993e-08 )
( -1.46314e-08 )
( -5.94252e-08 )
( -5.78726e-08 )
( -8.30655e-08 )
( -4.17285e-08 )
( -3.49869e-08 )
( -7.99295e-08 )
( -5.02878e-08 )
( -1.29543e-08 )
( -6.5936e-08 )
( -9.13334e-08 )
( -1.05125e-07 )
( -4.23565e-08 )
( -7.65148e-08 )
( -2.37457e-08 )
( -3.35841e-08 )
( -9.41627e-08 )
( -8.70224e-08 )
( -8.16762e-08 )
( -3.91968e-08 )
( -2.15659e-08 )
( -5.36354e-08 )
( -3.46139e-08 )
( -4.89403e-08 )
( -5.05159e-08 )
( -5.52355e-08 )
( -2.27424e-08 )
( -1.48842e-08 )
( -2.43483e-08 )
( -4.1072e-08 )
( -9.59709e-08 )
( -1.10144e-08 )
( -3.37441e-08 )
( 1.16276e-08 )
( 4.10463e-08 )
( 2.45259e-08 )
( 1.01338e-08 )
( -2.74538e-08 )
( 9.13733e-08 )
( 5.13024e-08 )
( 8.2597e-08 )
( 1.30248e-07 )
( 1.25671e-07 )
( -9.86703e-09 )
( 2.18446e-09 )
( -2.71417e-08 )
( -1.63525e-08 )
( -3.22569e-08 )
( 5.47517e-10 )
( 1.08237e-08 )
( 1.11545e-09 )
( 5.37426e-09 )
( 3.70913e-08 )
( 3.97684e-08 )
( 7.31501e-09 )
( 5.51668e-08 )
( 2.68198e-08 )
( 3.3338e-08 )
( 6.03608e-08 )
( 6.18796e-08 )
( 5.54324e-08 )
( 7.90876e-08 )
( 4.11006e-08 )
( 2.21855e-08 )
( 5.23563e-08 )
( 7.18742e-08 )
( 1.42257e-07 )
( 1.01425e-07 )
( 7.76086e-08 )
( 5.13892e-08 )
( 1.64307e-08 )
( 4.59605e-08 )
( 5.70611e-08 )
( -1.18552e-08 )
( 4.87776e-10 )
( 8.3563e-09 )
( -5.14541e-08 )
( -2.44807e-08 )
( 1.27284e-08 )
( 6.91119e-10 )
( 2.8076e-09 )
( -3.108e-09 )
( 5.42528e-08 )
( 6.72523e-08 )
( 5.84694e-08 )
( 3.85644e-08 )
( 4.26957e-08 )
( 4.49794e-08 )
( -6.28601e-08 )
( -4.8698e-08 )
( -4.07644e-08 )
( -4.9073e-08 )
( 2.91756e-10 )
( -4.19221e-09 )
( 1.02317e-08 )
( 1.27801e-08 )
( 1.03138e-07 )
( 9.94648e-08 )
( 1.71005e-07 )
( 1.55984e-07 )
( 1.94011e-07 )
( 1.92804e-07 )
( 1.17226e-07 )
( 1.17502e-07 )
( -8.94369e-09 )
( -1.34917e-08 )
( -3.80787e-09 )
( 1.77547e-09 )
( 5.4475e-09 )
( 4.10699e-09 )
( -8.57465e-09 )
( -5.42937e-09 )
( -1.80636e-08 )
( 2.03576e-08 )
( 1.46557e-08 )
( 5.08339e-09 )
( 3.57635e-08 )
( 2.61384e-08 )
( 1.83326e-08 )
( 2.92851e-08 )
( 1.83391e-08 )
( 1.58507e-08 )
( 3.35662e-09 )
( 3.98978e-09 )
( 1.54674e-09 )
( -1.80217e-08 )
( -2.5756e-08 )
( -1.40529e-09 )
( -1.95677e-09 )
( 2.56325e-08 )
( -7.20992e-10 )
( 1.76457e-08 )
( 2.14055e-08 )
( 3.01376e-09 )
( 2.23406e-08 )
( -1.30648e-09 )
( 1.50507e-08 )
( 6.46922e-08 )
( 5.61816e-08 )
( 4.94105e-08 )
( 2.84511e-08 )
( 3.08632e-08 )
( 7.7771e-08 )
( 2.74159e-08 )
( 1.2854e-07 )
( 1.19539e-07 )
( 7.66892e-08 )
( 3.27224e-08 )
( 4.59493e-08 )
( 6.35587e-08 )
( 5.66848e-08 )
( 2.96214e-08 )
( -7.90293e-10 )
( 1.76632e-08 )
( 6.04122e-08 )
( 5.36708e-08 )
( 1.61481e-08 )
( 2.10691e-08 )
( -5.84788e-08 )
( -2.4942e-08 )
( -1.9027e-08 )
( 2.14053e-08 )
( -3.22471e-08 )
( -2.41521e-08 )
( -7.32164e-08 )
( -9.07459e-08 )
( -9.50979e-08 )
( 3.221e-08 )
( 2.70177e-08 )
( 4.88141e-09 )
( -1.85445e-08 )
( 1.44252e-09 )
( 2.64638e-09 )
( -2.77804e-10 )
( -3.14073e-08 )
( -1.47313e-08 )
( -6.43558e-08 )
( -4.01616e-08 )
( -9.8174e-08 )
( -5.81568e-08 )
( -6.13557e-08 )
( -3.99806e-08 )
( -2.93404e-08 )
( -3.6218e-08 )
( -9.41383e-08 )
( -1.77634e-08 )
( 6.57021e-09 )
( 1.68079e-08 )
( 6.33817e-08 )
( 9.48769e-08 )
( 7.78447e-08 )
( 1.60213e-08 )
( 7.45116e-09 )
( 1.26986e-09 )
( -1.33392e-08 )
( -6.86151e-09 )
( -1.72945e-08 )
( 2.37471e-08 )
( 1.72711e-08 )
( 2.48798e-09 )
( 3.52243e-08 )
( 2.39268e-08 )
( -1.60877e-08 )
( 5.36327e-08 )
( 7.20896e-08 )
( 5.95505e-08 )
( 9.10261e-08 )
( 9.63215e-08 )
( 6.06883e-08 )
( 9.26527e-08 )
( 1.26054e-07 )
( 8.36834e-08 )
( 1.38992e-07 )
( 1.43585e-07 )
( 1.52854e-07 )
( 1.82669e-07 )
( 1.6236e-07 )
( 1.76687e-07 )
( 1.03734e-07 )
( 1.6012e-07 )
( 1.65838e-07 )
( 7.14674e-09 )
( -1.08286e-08 )
( 2.48053e-08 )
( 1.9706e-08 )
( 1.88967e-08 )
( -2.30852e-08 )
( -2.94283e-09 )
( 1.64275e-08 )
( 1.45239e-08 )
( 4.22355e-08 )
( 3.68485e-08 )
( 4.42753e-08 )
( 5.53307e-08 )
( 7.13624e-08 )
( 4.86702e-08 )
( 6.19314e-08 )
( 6.10648e-08 )
( 8.27334e-08 )
( 7.32689e-09 )
( 3.00153e-08 )
( 3.10636e-08 )
( 4.52452e-08 )
( 3.00366e-08 )
( 5.46252e-08 )
( -1.76603e-08 )
( 6.8509e-09 )
( 1.87021e-08 )
( 1.13967e-08 )
( 4.7009e-10 )
( 4.09789e-08 )
( 4.93596e-08 )
( -8.19512e-08 )
( -6.95202e-08 )
( -8.30148e-09 )
( -4.11756e-08 )
( -4.12717e-08 )
( -9.18799e-09 )
( 2.45724e-08 )
( 3.39704e-08 )
( 2.90442e-08 )
( 1.97158e-08 )
( 3.21439e-08 )
( 3.66873e-08 )
( 3.35793e-08 )
( 4.85103e-08 )
( 1.42514e-08 )
( 3.32848e-08 )
( 4.15012e-08 )
( -5.71368e-09 )
( 1.85632e-08 )
( 2.44853e-08 )
( -1.53009e-08 )
( 2.90545e-09 )
( -3.10066e-09 )
( -2.56844e-08 )
( 1.30202e-09 )
( 4.91771e-09 )
( 7.96732e-09 )
( -2.3563e-09 )
( 3.74515e-09 )
( 1.31205e-08 )
( -2.29301e-08 )
( -2.04671e-08 )
( -1.71525e-08 )
( 2.0644e-08 )
( 1.33045e-08 )
( 6.27433e-08 )
( -3.30703e-08 )
( 9.31688e-08 )
( 1.09227e-07 )
( 5.073e-08 )
( 2.60934e-08 )
( 3.23511e-08 )
( -1.4915e-08 )
( -4.18492e-08 )
( -5.66035e-08 )
( -1.732e-08 )
( 8.06834e-09 )
( -7.94264e-08 )
( -3.44581e-08 )
( 5.95684e-09 )
( -2.40483e-08 )
( -6.69938e-08 )
( -8.40092e-08 )
( 1.37881e-08 )
( -5.01405e-08 )
( -3.12481e-08 )
( -3.32988e-08 )
( -9.11477e-08 )
( -1.13214e-07 )
( -9.21673e-08 )
( -2.89994e-08 )
( -3.73795e-08 )
( -6.27298e-08 )
( -2.03582e-08 )
( -3.27457e-08 )
( -7.89693e-08 )
( -9.24019e-08 )
( -4.43326e-08 )
( -4.3495e-08 )
( -6.53913e-08 )
( -1.01237e-07 )
( -1.42419e-07 )
( -8.00031e-08 )
( -8.04885e-08 )
( -6.30949e-08 )
( -5.34577e-08 )
( -4.7199e-08 )
( -2.15218e-08 )
( -1.09146e-07 )
( 1.40355e-08 )
( -1.14857e-08 )
( 5.09578e-08 )
( 7.24022e-08 )
( 9.14903e-08 )
( -1.33854e-08 )
( -7.76507e-09 )
( -3.96574e-08 )
( -4.54941e-09 )
( -1.71598e-08 )
( -5.22429e-08 )
( -2.20938e-08 )
( 1.04762e-08 )
( -1.2994e-08 )
( 1.76e-08 )
( 1.44848e-08 )
( -5.31155e-08 )
( 5.61109e-08 )
( 3.98649e-08 )
( 3.57069e-08 )
( 7.88028e-08 )
( 7.75948e-08 )
( 3.69473e-08 )
( 1.25456e-07 )
( 7.78546e-08 )
( 6.68851e-08 )
( 1.32934e-07 )
( 1.3482e-07 )
( 1.75857e-07 )
( 1.40238e-07 )
( 1.88505e-07 )
( 1.47723e-07 )
( 9.5195e-08 )
( 1.60054e-07 )
( 1.59439e-07 )
( 7.52811e-09 )
( -7.57576e-09 )
( -3.1784e-08 )
( -3.08901e-08 )
( -3.26663e-08 )
( -1.98056e-08 )
( -8.51118e-09 )
( -1.69326e-08 )
( -2.38999e-08 )
( 1.6287e-08 )
( 2.34873e-08 )
( 2.1248e-08 )
( 5.71019e-08 )
( 4.55233e-08 )
( 2.27686e-08 )
( 4.02107e-08 )
( 5.10785e-08 )
( 6.79709e-08 )
( 2.71308e-08 )
( 3.67019e-09 )
( 1.09182e-08 )
( 2.1755e-08 )
( 4.42532e-08 )
( 4.90833e-08 )
( 5.90922e-09 )
( -1.93176e-08 )
( -5.46459e-09 )
( -6.47538e-09 )
( 1.51799e-08 )
( 4.39109e-08 )
( 3.38483e-08 )
( -6.4174e-08 )
( -8.85603e-08 )
( -3.33775e-08 )
( -4.91695e-08 )
( -3.92509e-08 )
( -2.50916e-08 )
( -5.77153e-09 )
( -8.19681e-09 )
( -2.03722e-08 )
( -6.26016e-09 )
( -4.14534e-09 )
( 1.2141e-08 )
( -5.93109e-08 )
( -5.44654e-08 )
( 4.67193e-08 )
( 4.29166e-08 )
( 1.04972e-07 )
( 9.47331e-08 )
( 1.2564e-07 )
( 1.30084e-07 )
( -1.29309e-08 )
( -2.91472e-09 )
( -4.85995e-08 )
( -5.22752e-08 )
( -6.76324e-08 )
( -6.8655e-08 )
( -5.39472e-08 )
( -4.88681e-08 )
( 1.54965e-08 )
( 9.92532e-09 )
( 1.21402e-07 )
( 1.09064e-07 )
( 1.96731e-07 )
( 2.01004e-07 )
( 2.1912e-07 )
( 2.2027e-07 )
( 1.44754e-07 )
( 1.30409e-07 )
( 8.8511e-08 )
( 9.00152e-08 )
( -1.74816e-08 )
( -2.05867e-08 )
( -9.60939e-08 )
( -1.08595e-07 )
( -3.43377e-08 )
( -5.91275e-08 )
( -5.68239e-08 )
( -6.72736e-09 )
( -1.19758e-08 )
( -2.28061e-08 )
( -2.15645e-08 )
( 7.25028e-09 )
( -1.94367e-09 )
( 1.3528e-08 )
( 4.12013e-08 )
( 8.77761e-09 )
( 2.40876e-08 )
( 3.32544e-08 )
( 6.56598e-09 )
( 1.84907e-08 )
( 7.10791e-09 )
( -3.35002e-10 )
( -2.3347e-09 )
( -2.65732e-08 )
( 9.71463e-09 )
( -6.28593e-09 )
( -3.91441e-11 )
( -2.16699e-08 )
( 1.99691e-08 )
( 1.21772e-09 )
( 3.10375e-08 )
( 1.42151e-08 )
( -5.82717e-10 )
( 7.69406e-09 )
( -8.82927e-09 )
( -7.25659e-09 )
( -3.02664e-08 )
( -1.56681e-08 )
( 4.14532e-08 )
( 2.89149e-08 )
( 5.1688e-08 )
( 4.93789e-08 )
( 4.19999e-08 )
( 4.42576e-08 )
( -2.48926e-08 )
( 9.65694e-08 )
( 8.56857e-08 )
( 1.05305e-07 )
( 8.72522e-08 )
( 7.36822e-08 )
( 8.04999e-08 )
( 7.67933e-08 )
( 5.5322e-08 )
( 2.12963e-08 )
( 3.92688e-08 )
( 9.96574e-08 )
( 1.22e-07 )
( 7.50863e-08 )
( 4.01652e-08 )
( -2.89823e-08 )
( -5.08412e-09 )
( 5.76481e-08 )
( 9.33931e-08 )
( 2.28932e-08 )
( 1.3545e-08 )
( -7.64091e-08 )
( -9.89901e-08 )
( -1.04182e-07 )
( 5.69963e-08 )
( 4.23932e-08 )
( 2.2955e-08 )
( -2.91125e-08 )
( 6.95791e-09 )
( 1.91939e-08 )
( -3.64571e-09 )
( -5.35281e-08 )
( -2.14755e-08 )
( -1.08452e-07 )
( -7.2529e-08 )
( -1.14859e-07 )
( -1.1087e-07 )
( -1.31721e-07 )
( -1.00303e-07 )
( -1.23218e-07 )
( -1.25368e-07 )
( -1.69692e-07 )
( -9.31088e-08 )
( -1.07479e-07 )
( -1.05658e-07 )
( -1.5673e-08 )
( -1.11278e-08 )
( -2.93315e-08 )
( 3.9764e-08 )
( 3.27157e-08 )
( 1.1731e-08 )
( -1.53762e-08 )
( 7.71984e-09 )
( 6.82635e-09 )
( -1.55897e-08 )
( -4.6401e-08 )
( 7.29332e-09 )
( -7.27921e-09 )
( 1.91485e-09 )
( -9.39252e-08 )
( -2.2237e-08 )
( -3.73691e-08 )
( 3.14813e-08 )
( 5.45954e-08 )
( 3.94958e-08 )
( -5.38025e-08 )
( 3.52817e-08 )
( 4.45098e-08 )
( 8.90741e-08 )
( 1.51636e-07 )
( 1.21748e-07 )
( 6.72757e-08 )
( 1.15194e-07 )
( 1.72626e-07 )
( 1.7975e-07 )
( 1.76794e-07 )
( 2.38339e-07 )
( 2.20863e-07 )
( 3.10536e-08 )
( 3.21143e-08 )
( 8.93787e-09 )
( -2.24419e-08 )
( -8.12304e-09 )
( 1.35902e-08 )
( 2.15774e-08 )
( 2.46704e-08 )
( -1.22258e-08 )
( 5.74468e-08 )
( 3.16228e-08 )
( 1.99784e-08 )
( 9.80656e-08 )
( 1.12987e-07 )
( 7.52451e-08 )
( 1.05196e-07 )
( 9.84418e-08 )
( 1.02348e-07 )
( 6.08493e-08 )
( 1.00645e-07 )
( 4.62517e-08 )
( 8.30431e-08 )
( 8.89236e-08 )
( 1.22645e-07 )
( 7.23212e-08 )
( 1.08572e-07 )
( 2.9355e-08 )
( 6.34226e-08 )
( 7.43239e-08 )
( 1.43897e-07 )
( 1.89785e-07 )
( 3.30494e-08 )
( 5.13801e-08 )
( -2.93281e-08 )
( -6.55266e-09 )
( -3.45702e-09 )
( 1.97666e-08 )
( -9.40663e-09 )
( 3.81004e-08 )
( 2.62017e-08 )
( 2.37293e-08 )
( -2.0637e-08 )
( -2.39338e-08 )
( -1.97086e-08 )
( 4.74689e-09 )
( 1.95924e-08 )
( 1.26839e-08 )
( 1.72944e-08 )
( 6.29985e-08 )
( 7.2047e-08 )
( 4.28005e-08 )
( 4.43015e-08 )
( 4.71096e-08 )
( 8.57202e-08 )
( -2.13738e-08 )
( -4.36152e-09 )
( 2.66851e-08 )
( 2.04784e-08 )
( 2.93458e-08 )
( 1.70491e-08 )
( -6.90934e-08 )
( -3.85355e-08 )
( 1.37435e-08 )
( -3.14228e-09 )
( -4.33068e-09 )
( -1.15729e-08 )
( -1.02193e-07 )
( -7.26508e-08 )
( 1.41055e-09 )
( -2.94748e-08 )
( -2.74438e-08 )
( -3.48773e-08 )
( -5.11783e-08 )
( -6.47231e-08 )
( -5.78123e-08 )
( 1.13394e-08 )
( -4.08837e-09 )
( -4.56546e-09 )
( 5.46672e-08 )
( 5.21377e-08 )
( 4.89597e-08 )
( 4.16474e-08 )
( 3.91662e-08 )
( 3.06437e-08 )
( 6.15959e-08 )
( 5.42634e-08 )
( 6.56406e-08 )
( 4.58066e-08 )
( 4.20762e-08 )
( 3.78056e-08 )
( 2.53052e-08 )
( 2.47593e-08 )
( 3.01645e-08 )
( 1.06936e-08 )
( 7.76695e-09 )
( 1.94441e-08 )
( 8.42148e-09 )
( 1.05596e-08 )
( 3.27759e-08 )
( 1.33632e-08 )
( 2.21894e-08 )
( 1.85975e-08 )
( 8.0442e-10 )
( 6.01096e-10 )
( 1.69578e-08 )
( 4.95918e-08 )
( 1.17383e-08 )
( 6.88974e-10 )
( -2.14698e-08 )
( -2.76942e-08 )
( 4.11232e-08 )
( 7.76657e-08 )
( 3.54528e-08 )
( 8.48018e-08 )
( 1.06322e-07 )
( 9.9798e-08 )
( 8.03134e-08 )
( 9.29901e-08 )
( 1.96086e-08 )
( -2.42062e-09 )
( 9.19023e-09 )
( 3.07973e-08 )
( 7.03223e-08 )
( -3.71426e-08 )
( 5.69479e-08 )
( 9.36063e-08 )
( 5.28967e-09 )
( -3.32977e-08 )
( -3.90928e-08 )
( 9.42614e-08 )
( 5.00288e-08 )
( 1.04001e-08 )
( 2.88649e-08 )
( -8.59529e-08 )
( -1.16709e-07 )
( -9.19709e-08 )
( 4.64741e-10 )
( -2.22658e-08 )
( -3.08857e-08 )
( -1.68295e-08 )
( -3.34381e-08 )
( -9.18526e-08 )
( -1.01852e-07 )
( -5.35861e-08 )
( -6.33447e-08 )
( -1.0842e-07 )
( -1.46822e-07 )
( -1.45813e-07 )
( -1.49737e-07 )
( -1.31902e-07 )
( -1.28368e-07 )
( -1.47541e-07 )
( -1.37646e-07 )
( -9.68136e-08 )
( -1.81785e-07 )
( -1.12778e-07 )
( -1.22466e-07 )
( -3.29119e-08 )
( -3.9875e-08 )
( -1.58633e-08 )
( -7.73094e-09 )
( -1.16373e-08 )
( -4.38798e-08 )
( 1.56597e-08 )
( -1.3604e-08 )
( -5.2105e-08 )
( -8.82277e-08 )
( -4.92322e-08 )
( -8.93257e-09 )
( -1.23274e-08 )
( -4.83614e-08 )
( -1.33936e-07 )
( -5.74521e-08 )
( -5.60772e-08 )
( 1.28345e-08 )
( 2.13366e-08 )
( 2.7254e-08 )
( -7.74116e-08 )
( 3.61264e-08 )
( 8.31359e-09 )
( 7.0736e-08 )
( 1.09678e-07 )
( 1.42727e-07 )
( 1.06527e-07 )
( 5.34057e-08 )
( 1.81741e-07 )
( 1.54094e-07 )
( 1.601e-07 )
( 2.07511e-07 )
( 2.42626e-07 )
( 2.53416e-08 )
( 1.64492e-08 )
( -1.17371e-08 )
( 3.13794e-08 )
( 2.24596e-08 )
( -4.89969e-08 )
( 3.85823e-10 )
( 1.43249e-08 )
( -2.36533e-08 )
( 2.34212e-08 )
( 3.69222e-08 )
( -7.07976e-09 )
( 8.80823e-08 )
( 7.82529e-08 )
( 5.09871e-08 )
( 7.56465e-08 )
( 9.19247e-08 )
( 7.57312e-08 )
( 9.11179e-08 )
( 4.57607e-08 )
( 2.15131e-08 )
( 6.84788e-08 )
( 7.73239e-08 )
( 1.06549e-07 )
( 1.07407e-07 )
( 5.71563e-08 )
( 1.33501e-08 )
( 5.97745e-08 )
( 5.85561e-08 )
( 1.74174e-07 )
( 1.37408e-07 )
( 5.716e-08 )
( 1.8198e-08 )
( -4.30761e-08 )
( -9.81754e-09 )
( -1.16323e-08 )
( 2.85754e-08 )
( -1.0175e-08 )
( -3.42805e-08 )
( -3.15511e-08 )
( -2.70177e-08 )
( -2.49821e-08 )
( -4.21742e-08 )
( -4.48622e-08 )
( -4.45431e-08 )
( -1.66689e-08 )
( -4.16368e-09 )
( 7.18928e-09 )
( 3.89928e-08 )
( 4.14691e-08 )
( 1.11702e-08 )
( 2.15585e-08 )
( 4.48365e-08 )
( 6.73629e-08 )
( -2.15459e-08 )
( -2.90588e-08 )
( 7.67027e-09 )
( 1.26326e-08 )
( 3.05531e-08 )
( 4.04566e-09 )
( -4.87764e-08 )
( -7.00039e-08 )
( -5.64923e-09 )
( -1.60224e-08 )
( 5.60606e-09 )
( -2.79878e-08 )
( -7.1625e-08 )
( -1.02193e-07 )
( -2.55478e-08 )
( -3.92986e-08 )
( -3.17953e-08 )
( -5.69819e-08 )
( -5.38717e-08 )
( -4.78601e-08 )
( -7.2591e-08 )
( -1.35904e-08 )
( -1.76222e-08 )
( -2.08787e-08 )
( -2.01326e-08 )
( -4.74997e-09 )
( -1.38642e-08 )
( -2.34775e-08 )
( -2.59306e-08 )
( -2.04492e-08 )
( -6.49447e-09 )
( -1.33843e-07 )
( -1.26365e-07 )
( 7.83057e-09 )
( -8.19274e-09 )
( 8.06451e-08 )
( 7.75422e-08 )
( 1.24872e-07 )
( 1.26672e-07 )
( 5.9402e-08 )
( 6.06169e-08 )
( -5.5978e-09 )
( -4.31432e-09 )
( -8.21383e-08 )
( -7.61386e-08 )
( -1.36576e-07 )
( -1.29003e-07 )
( -1.18833e-07 )
( -1.23729e-07 )
( -2.21737e-08 )
( -3.04442e-08 )
( 1.02029e-07 )
( 1.06517e-07 )
( 2.08127e-07 )
( 2.06662e-07 )
( 2.33286e-07 )
( 2.2667e-07 )
( 2.1391e-07 )
( 2.27877e-07 )
( 1.00019e-07 )
( 1.05677e-07 )
( 9.51131e-10 )
( -9.78425e-09 )
( -4.34486e-08 )
( -4.59212e-08 )
( -1.09582e-08 )
( -2.83932e-08 )
( 2.89286e-08 )
( 1.14599e-08 )
( 1.47902e-08 )
( 3.04103e-08 )
( 1.83597e-08 )
( 9.87562e-09 )
( 4.06538e-09 )
( -2.40159e-08 )
( -8.6571e-09 )
( -1.2576e-08 )
( -1.20496e-08 )
( 2.58241e-08 )
( 2.75163e-08 )
( -1.08923e-08 )
( 3.46754e-08 )
( 1.13074e-08 )
( -6.18691e-09 )
( 3.33231e-08 )
( 1.0072e-08 )
( 4.4534e-11 )
( 1.69749e-08 )
( 3.27197e-09 )
( 2.30192e-08 )
( 1.68684e-09 )
( 2.52682e-08 )
( 4.93818e-08 )
( 3.97864e-09 )
( 4.5932e-08 )
( 6.4181e-08 )
( 3.45325e-08 )
( 1.51267e-08 )
( -2.47108e-08 )
( -2.8273e-08 )
( -2.76024e-08 )
( 2.56599e-10 )
( -4.69943e-08 )
( -3.35081e-08 )
( -5.17234e-08 )
( -4.86547e-08 )
( 7.45221e-09 )
( -8.04677e-09 )
( 2.80329e-08 )
( 2.83247e-08 )
( 2.43682e-08 )
( -1.48705e-08 )
( -1.13688e-07 )
( 9.64181e-09 )
( -1.26039e-08 )
( 8.20365e-08 )
( 6.6271e-08 )
( 4.70157e-08 )
( 6.85287e-08 )
( 6.65238e-08 )
( 7.5211e-08 )
( 7.24856e-08 )
( 6.77256e-08 )
( 9.75307e-08 )
( 1.40054e-07 )
( 9.03949e-08 )
( 1.09227e-07 )
( 5.33491e-08 )
( 5.85892e-08 )
( 9.25978e-08 )
( 8.38502e-08 )
( 6.47157e-08 )
( 3.47261e-08 )
( -9.0054e-09 )
( -4.46773e-08 )
( -5.1336e-08 )
( 7.77858e-08 )
( 6.59743e-08 )
( 5.36637e-08 )
( -8.3087e-09 )
( 3.24012e-08 )
( 5.79343e-08 )
( 6.91422e-08 )
( 8.25775e-09 )
( -1.45935e-08 )
( -1.10788e-07 )
( -6.92287e-08 )
( -3.29687e-08 )
( -7.92658e-08 )
( -1.22664e-07 )
( -1.42096e-07 )
( -1.8644e-07 )
( -1.75653e-07 )
( -1.55408e-07 )
( -1.02715e-07 )
( -1.6633e-07 )
( -1.82058e-07 )
( -1.28671e-07 )
( -1.4188e-07 )
( -1.53564e-07 )
( 5.47325e-08 )
( 3.45714e-08 )
( 3.60619e-08 )
( -1.83203e-08 )
( 2.06534e-08 )
( -9.24552e-09 )
( -4.31911e-08 )
( -9.03629e-08 )
( -2.82697e-08 )
( -8.83103e-08 )
( -6.42229e-08 )
( -1.45455e-07 )
( -1.08476e-07 )
( -1.40409e-07 )
( -5.53024e-08 )
( -6.10519e-08 )
( -7.06801e-08 )
( -1.5683e-07 )
( -6.01575e-08 )
( -6.72855e-08 )
( 1.58798e-08 )
( 6.04295e-08 )
( 2.38367e-08 )
( -4.90131e-08 )
( -3.13163e-08 )
( 9.65866e-08 )
( 8.96038e-08 )
( 1.6359e-07 )
( 2.07108e-07 )
( 1.81088e-07 )
( 5.51975e-08 )
( 5.45319e-08 )
( 3.50996e-08 )
( 1.6726e-08 )
( 3.70025e-08 )
( 3.34064e-08 )
( 5.05078e-09 )
( -1.23978e-08 )
( 1.39697e-08 )
( 4.52009e-08 )
( 4.02618e-08 )
( -3.29146e-08 )
( 3.88127e-08 )
( 1.65193e-08 )
( 7.95051e-08 )
( 1.06591e-07 )
( 8.83868e-08 )
( 1.62234e-08 )
( 4.09576e-08 )
( 4.60586e-08 )
( 5.35743e-08 )
( 1.18373e-07 )
( 7.91538e-08 )
( 8.50423e-08 )
( 1.25601e-07 )
( 1.42596e-07 )
( 7.38739e-08 )
( 1.43574e-07 )
( 1.03421e-07 )
( 1.88526e-07 )
( 2.52549e-07 )
( 1.48068e-07 )
( 1.63584e-07 )
( 5.69641e-08 )
( 1.04984e-07 )
( 7.69093e-08 )
( 4.51654e-08 )
( 5.46198e-08 )
( 3.31456e-08 )
( -2.96905e-08 )
( 1.51983e-09 )
( 4.40614e-08 )
( 2.47343e-08 )
( 3.12698e-08 )
( -3.07797e-08 )
( 3.45872e-08 )
( 1.10976e-08 )
( 5.1224e-08 )
( 1.49374e-07 )
( 1.35716e-07 )
( 6.90594e-08 )
( 9.95783e-08 )
( 8.60699e-08 )
( 1.33875e-07 )
( 6.01519e-08 )
( 7.06155e-08 )
( -1.17119e-09 )
( 3.95291e-08 )
( 3.856e-08 )
( 8.71329e-08 )
( -7.5168e-09 )
( 1.89929e-08 )
( -4.59132e-08 )
( -1.30725e-09 )
( -2.0968e-09 )
( 4.72201e-08 )
( -7.99589e-08 )
( -4.78102e-08 )
( -7.53779e-08 )
( -4.43273e-08 )
( -5.16796e-08 )
( -7.95169e-09 )
( 3.48821e-08 )
( -7.16863e-08 )
( -3.77812e-08 )
( -3.64799e-08 )
( -1.24433e-08 )
( -2.61639e-08 )
( 5.26988e-08 )
( 8.64478e-09 )
( 8.95131e-08 )
( 3.55887e-08 )
( 5.03223e-08 )
( -1.09673e-08 )
( -9.37717e-08 )
( -8.73681e-08 )
( 7.67885e-10 )
( -4.70084e-09 )
( -7.38584e-09 )
( -4.79601e-08 )
( -3.30049e-09 )
( 1.0978e-08 )
( 2.73657e-08 )
( 5.31296e-08 )
( 5.21202e-08 )
( 5.44105e-08 )
( -3.63176e-08 )
( -3.92625e-08 )
( 2.59299e-08 )
( 2.30032e-08 )
( 4.97811e-08 )
( -1.33044e-08 )
( -2.43874e-08 )
( -3.25075e-08 )
( 2.81491e-08 )
( 2.18034e-08 )
( 3.52575e-08 )
( -2.92549e-08 )
( 2.45617e-08 )
( 1.2782e-08 )
( 4.53508e-08 )
( 2.93742e-08 )
( 4.33039e-08 )
( -3.18173e-09 )
( 8.17112e-08 )
( 6.47366e-08 )
( 5.96054e-08 )
( 5.27808e-08 )
( 5.2566e-08 )
( 4.86781e-08 )
( 5.84126e-08 )
( 1.67828e-07 )
( 1.68946e-07 )
( 6.53676e-08 )
( 7.41654e-08 )
( 6.42451e-08 )
( 2.35936e-07 )
( 1.28282e-07 )
( 1.00821e-07 )
( 6.34837e-08 )
( 6.32314e-08 )
( 4.32066e-08 )
( 6.874e-08 )
( 7.00218e-08 )
( 7.97047e-08 )
( 8.32236e-08 )
( 5.75058e-08 )
( 7.3831e-08 )
( 8.80557e-08 )
( 4.31095e-08 )
( 1.04791e-07 )
( 8.40994e-08 )
( 3.01538e-08 )
( 1.04536e-07 )
( 6.55296e-08 )
( 2.1713e-08 )
( 8.24519e-08 )
( 2.75125e-08 )
( 2.45966e-08 )
( 8.04195e-08 )
( 7.32919e-08 )
( 2.67171e-08 )
( 2.16048e-08 )
( 3.88695e-08 )
( 1.00052e-08 )
( 2.30612e-08 )
( 8.64282e-08 )
( 4.87156e-08 )
( 2.88127e-08 )
( -2.13914e-08 )
( -1.19372e-07 )
( 6.43229e-08 )
( 7.0392e-08 )
( 6.7357e-08 )
( 1.14548e-08 )
( 3.5059e-08 )
( 9.88225e-08 )
( 7.67559e-08 )
( 7.5679e-08 )
( 4.97373e-08 )
( 2.67523e-08 )
( 5.20877e-08 )
( 5.65596e-08 )
( 9.70061e-08 )
( 4.55535e-08 )
( 1.07557e-07 )
( 1.33329e-07 )
( 9.00992e-08 )
( 5.24378e-08 )
( 6.18107e-08 )
( 8.77564e-08 )
( 1.02375e-07 )
( 3.70705e-08 )
( 6.48074e-08 )
( -9.23604e-09 )
( -5.64286e-08 )
( -3.6016e-08 )
( 1.60302e-08 )
( 2.52397e-09 )
( 2.31194e-08 )
( 1.83024e-09 )
( 7.57911e-10 )
( -6.66685e-08 )
( -1.83521e-08 )
( 2.18176e-08 )
( -6.21371e-08 )
( -1.10938e-07 )
( -1.38683e-07 )
( -4.77902e-08 )
( -1.40423e-07 )
( -9.44975e-08 )
( -1.65558e-07 )
( -1.98173e-07 )
( -1.94874e-07 )
( -1.03842e-07 )
( -1.67096e-07 )
( -1.96968e-07 )
( -1.72374e-07 )
( -1.47645e-07 )
( -1.66743e-07 )
( -1.45996e-07 )
( -2.96664e-09 )
( -6.31982e-09 )
( -2.53507e-08 )
( -1.09591e-08 )
( -6.28398e-08 )
( -5.71451e-08 )
( -1.29494e-07 )
( -9.28368e-08 )
( -6.61959e-08 )
( -9.32189e-08 )
( -1.35031e-07 )
( -1.8002e-07 )
( -1.62072e-07 )
( -1.47756e-07 )
( -8.60185e-08 )
( -9.1874e-08 )
( -8.73005e-08 )
( -1.77136e-07 )
( -7.99796e-08 )
( -8.80043e-08 )
( -1.16e-08 )
( 8.68115e-09 )
( 4.78083e-08 )
( -4.10666e-08 )
( -6.19966e-08 )
( 8.57309e-08 )
( 7.67945e-08 )
( 1.42547e-07 )
( 1.65156e-07 )
( 2.06898e-07 )
( 1.65373e-08 )
( 2.78608e-08 )
( 1.02488e-09 )
( 5.26588e-08 )
( 1.95497e-08 )
( 6.1411e-09 )
( -2.78991e-08 )
( -1.34007e-08 )
( 5.74293e-09 )
( 3.44667e-08 )
( 9.64432e-09 )
( -6.37274e-08 )
( -2.51641e-09 )
( 1.48126e-09 )
( 6.45683e-08 )
( 7.88124e-08 )
( 8.12212e-08 )
( -1.02423e-08 )
( 3.45206e-08 )
( 1.38513e-08 )
( 2.92112e-08 )
( 6.98721e-08 )
( 1.08823e-07 )
( 6.74122e-08 )
( 1.30783e-07 )
( 1.04352e-07 )
( 4.61037e-08 )
( 8.57251e-08 )
( 1.42535e-07 )
( 2.38368e-07 )
( 1.76282e-07 )
( 1.51144e-07 )
( 1.34417e-07 )
( 2.62807e-08 )
( 5.11999e-08 )
( 1.06379e-07 )
( 5.83514e-08 )
( 4.36157e-08 )
( 3.52017e-08 )
( 4.22397e-08 )
( 3.70945e-08 )
( -4.37093e-08 )
( 2.43219e-08 )
( 1.54366e-08 )
( -4.44626e-08 )
( -1.28263e-08 )
( 1.31678e-08 )
( 3.65109e-08 )
( 1.09069e-07 )
( 1.22654e-07 )
( 5.18727e-08 )
( 5.94842e-08 )
( 8.65956e-08 )
( 1.10569e-07 )
( 5.8093e-08 )
( 4.82608e-08 )
( -1.66693e-08 )
( 1.77574e-08 )
( 3.17669e-08 )
( 7.077e-08 )
( 1.0844e-08 )
( -1.72012e-08 )
( -5.32621e-08 )
( -1.21876e-08 )
( -9.02722e-09 )
( 3.49024e-08 )
( -5.28862e-08 )
( -9.13831e-08 )
( -8.39264e-08 )
( -5.11084e-08 )
( -5.39431e-08 )
( 1.38192e-08 )
( -1.7764e-08 )
( -4.74427e-08 )
( -8.93513e-08 )
( -4.76327e-08 )
( -2.52849e-08 )
( -2.84363e-08 )
( 3.90687e-08 )
( 6.25148e-10 )
( -2.8301e-08 )
( -3.00137e-08 )
( -3.4577e-08 )
( -1.16328e-08 )
( -1.1093e-07 )
( -1.31259e-07 )
( -3.67825e-08 )
( -3.38173e-08 )
( -3.52567e-08 )
( -4.99495e-08 )
( -3.55109e-08 )
( -4.89589e-08 )
( -1.80125e-09 )
( 8.78883e-09 )
( 2.72145e-08 )
( 3.32326e-08 )
( -6.48953e-08 )
( -6.83483e-08 )
( 1.75215e-09 )
( 8.59319e-11 )
( -1.36572e-10 )
( -2.68647e-08 )
( -4.71529e-08 )
( -4.92895e-08 )
( 8.76897e-09 )
( 2.7185e-09 )
( 9.84262e-09 )
( -4.37502e-08 )
( 7.50649e-09 )
( 1.11282e-08 )
( 1.87014e-08 )
( 2.45529e-08 )
( 2.46832e-08 )
( -2.6184e-08 )
( 7.33693e-08 )
( 8.19747e-08 )
( 2.99177e-08 )
( 5.42432e-08 )
( 6.02027e-08 )
( 3.84468e-08 )
( 2.65406e-08 )
( 1.68859e-07 )
( 1.66869e-07 )
( 4.42252e-08 )
( 8.4301e-08 )
( 9.40404e-08 )
( 3.53013e-09 )
( 4.40082e-08 )
( -1.4827e-09 )
( 4.43825e-08 )
( 8.06708e-09 )
( -7.24705e-08 )
( -1.84513e-08 )
( -9.80281e-08 )
( -7.45914e-08 )
( -9.2747e-08 )
( -1.16463e-07 )
( -5.14055e-10 )
( 9.9088e-10 )
( 6.15834e-08 )
( 5.89106e-08 )
( 5.10019e-08 )
( 4.5166e-08 )
( 3.82044e-08 )
( 4.25769e-08 )
( -4.01139e-08 )
( -3.30623e-08 )
( -1.42917e-07 )
( -1.34949e-07 )
( -1.96651e-07 )
( -2.03604e-07 )
( -1.73102e-07 )
( -1.70422e-07 )
( -5.47164e-08 )
( -5.06378e-08 )
( 1.09225e-07 )
( 1.05444e-07 )
( 2.25378e-07 )
( 2.22242e-07 )
( 2.48106e-07 )
( 2.64191e-07 )
( 1.97923e-07 )
( 1.95797e-07 )
( 8.71609e-08 )
( 8.87336e-08 )
( 7.43123e-09 )
( 2.47861e-08 )
( 4.36871e-09 )
( -6.88002e-09 )
( -1.42237e-08 )
( -1.96953e-08 )
( 3.61779e-08 )
( 4.09365e-08 )
( 1.64664e-07 )
( 1.37681e-07 )
( 1.29188e-07 )
( 1.33986e-07 )
( 7.89824e-08 )
( 1.10065e-07 )
( 9.61674e-08 )
( 2.36459e-08 )
( 3.26019e-08 )
( 2.35696e-08 )
( 3.39308e-08 )
( 1.631e-08 )
( 1.74028e-08 )
( 3.53039e-08 )
( 5.24251e-08 )
( -1.15115e-09 )
( 7.17171e-09 )
( 3.91835e-08 )
( -8.97601e-09 )
( -1.18443e-08 )
( 4.73185e-08 )
( -4.67058e-09 )
( -8.21551e-09 )
( 3.65129e-08 )
( 9.12993e-09 )
( 7.7055e-09 )
( 2.97786e-08 )
( 4.16259e-08 )
( 3.12786e-08 )
( 6.0714e-08 )
( 7.18459e-08 )
( 9.34297e-08 )
( -7.61483e-09 )
( 6.33697e-08 )
( 3.3896e-08 )
( 9.68147e-08 )
( -1.74549e-08 )
( 2.41117e-08 )
( 9.39728e-09 )
( -2.6885e-08 )
( 2.70776e-09 )
( -2.00385e-09 )
( -7.3967e-08 )
( -5.2199e-08 )
( -1.80033e-08 )
( -3.21643e-08 )
( 6.45504e-09 )
( -1.03399e-08 )
( -2.60512e-09 )
( -3.86464e-08 )
( -1.04339e-07 )
( -1.2858e-07 )
( -1.3674e-07 )
( 9.4213e-09 )
( 1.83623e-09 )
( -1.17503e-08 )
( 3.99462e-08 )
( 2.97051e-08 )
( 7.22865e-08 )
( 8.5577e-08 )
( 6.78603e-08 )
( 3.50337e-08 )
( 9.66022e-08 )
( 7.0635e-08 )
( 1.36167e-07 )
( 9.88501e-08 )
( 1.00148e-07 )
( 7.4248e-08 )
( 5.46316e-08 )
( 1.05536e-07 )
( 5.99765e-08 )
( 6.48435e-08 )
( 5.02127e-08 )
( 4.13399e-08 )
( 8.57128e-08 )
( 7.72206e-08 )
( 8.40467e-08 )
( 4.81413e-08 )
( 6.81001e-08 )
( 8.78005e-08 )
( 1.25936e-07 )
( 7.32365e-08 )
( 6.78787e-08 )
( -2.51993e-08 )
( 1.48971e-08 )
( 6.64538e-08 )
( 4.60238e-09 )
( -3.95646e-08 )
( -8.61763e-08 )
( -1.47775e-07 )
( -1.23584e-07 )
( -4.14004e-08 )
( -4.14661e-08 )
( -1.0925e-07 )
( -1.38806e-07 )
( -1.68422e-07 )
( -1.93833e-07 )
( -1.87968e-07 )
( 7.03029e-08 )
( 4.83888e-08 )
( 5.92473e-08 )
( -1.11137e-08 )
( 3.7748e-08 )
( 7.73346e-09 )
( -3.28921e-09 )
( -5.43268e-08 )
( -3.63989e-08 )
( -1.30932e-07 )
( -8.2681e-08 )
( -1.04619e-07 )
( -1.23033e-07 )
( -1.6812e-07 )
( -1.17337e-07 )
( -1.44047e-07 )
( -1.33806e-07 )
( -1.85271e-07 )
( -1.21678e-07 )
( -1.53256e-07 )
( -6.59295e-08 )
( -3.95901e-08 )
( -6.47612e-08 )
( -1.44427e-07 )
( -1.7361e-07 )
( -3.04058e-08 )
( -5.67231e-08 )
( 9.01676e-08 )
( 1.12047e-07 )
( 8.9964e-08 )
( 6.02509e-08 )
( 4.26002e-08 )
( 6.15249e-08 )
( 3.67508e-08 )
( 5.84307e-08 )
( -2.08756e-09 )
( -1.62302e-08 )
( -4.64801e-08 )
( 1.38919e-08 )
( -1.68922e-08 )
( 1.8593e-09 )
( -8.32581e-08 )
( -2.94054e-08 )
( -6.09574e-08 )
( 3.72346e-08 )
( 2.89128e-08 )
( 2.93777e-08 )
( -5.41842e-08 )
( 3.18887e-08 )
( 2.32378e-08 )
( 4.27266e-08 )
( 9.33473e-08 )
( 5.97242e-08 )
( 6.32362e-08 )
( 1.69326e-07 )
( 1.67981e-07 )
( 1.25225e-07 )
( 1.90094e-07 )
( 1.50938e-07 )
( 2.04598e-07 )
( 2.25808e-07 )
( 2.4353e-07 )
( 2.46277e-07 )
( 1.48799e-07 )
( 1.9145e-07 )
( 1.64758e-07 )
( 5.98728e-08 )
( 6.48963e-08 )
( 5.61221e-08 )
( 3.9993e-08 )
( 4.97564e-08 )
( 3.52122e-08 )
( 3.18912e-08 )
( 5.70155e-08 )
( 2.86192e-08 )
( 6.2614e-08 )
( 5.15014e-08 )
( 5.35677e-08 )
( 1.02124e-07 )
( 1.07417e-07 )
( 1.49934e-07 )
( 1.45239e-07 )
( 1.48761e-07 )
( 1.21584e-07 )
( 6.42235e-08 )
( 8.33131e-08 )
( 6.66406e-08 )
( 9.83195e-08 )
( 8.99643e-08 )
( 1.30287e-07 )
( 7.61808e-08 )
( 9.36379e-08 )
( -1.38423e-09 )
( 5.41965e-08 )
( 3.41039e-08 )
( 1.48205e-07 )
( 4.82647e-08 )
( 5.48122e-08 )
( -7.38933e-08 )
( -4.3562e-09 )
( -3.91084e-08 )
( 1.0057e-07 )
( 9.35311e-08 )
( 1.92626e-08 )
( 4.63087e-09 )
( -7.39005e-08 )
( -4.8424e-09 )
( -4.59441e-08 )
( 5.5215e-08 )
( 2.73587e-08 )
( 6.33372e-08 )
( -1.68057e-08 )
( 1.101e-08 )
( -1.22576e-08 )
( -1.5726e-08 )
( 1.11435e-08 )
( -1.00567e-07 )
( -4.40597e-08 )
( -8.10917e-08 )
( 3.70117e-08 )
( 7.5529e-08 )
( 9.68801e-08 )
( -1.55541e-08 )
( 5.19311e-08 )
( 3.10644e-09 )
( 1.13323e-07 )
( -1.16024e-09 )
( 4.2836e-08 )
( -3.43399e-08 )
( -8.75541e-09 )
( -3.00441e-08 )
( 5.45376e-08 )
( -4.11356e-08 )
( -2.30853e-09 )
( -1.47631e-08 )
( -2.15676e-08 )
( -1.46307e-08 )
( 1.21153e-08 )
( -7.08269e-08 )
( -5.63338e-08 )
( 3.9021e-08 )
( -2.8445e-12 )
( 2.94767e-08 )
( -3.5719e-08 )
( -3.02097e-08 )
( -3.58941e-08 )
( 9.81397e-08 )
( 4.72562e-08 )
( 8.01141e-08 )
( -1.41521e-08 )
( -1.04081e-08 )
( 5.49754e-08 )
( 3.11665e-08 )
( 1.705e-07 )
( 1.58987e-07 )
( 1.68693e-07 )
( 1.15528e-07 )
( 7.83564e-08 )
( 2.4832e-07 )
( 1.19322e-07 )
( 1.60156e-07 )
( 6.61128e-08 )
( 8.72322e-09 )
( -1.73485e-08 )
( 7.10336e-08 )
( 5.29871e-08 )
( 6.78572e-08 )
( -8.95257e-09 )
( 2.85877e-08 )
( 3.97125e-08 )
( 7.01794e-08 )
( 7.74473e-08 )
( 5.0081e-08 )
( 5.45128e-08 )
( 1.34554e-08 )
( 3.38998e-08 )
( 7.48887e-08 )
( 6.44746e-08 )
( 2.50175e-08 )
( 2.33702e-08 )
( 1.73699e-08 )
( 3.01283e-08 )
( 7.02185e-08 )
( 8.61537e-08 )
( 1.59949e-08 )
( 3.61884e-08 )
( 4.13428e-08 )
( 4.973e-08 )
( 6.707e-08 )
( 8.48208e-08 )
( 2.6561e-08 )
( 5.84059e-08 )
( 6.98774e-08 )
( 7.22241e-08 )
( 5.49851e-08 )
( 7.21164e-08 )
( 4.50935e-08 )
( 8.98397e-08 )
( 8.32034e-08 )
( 7.83793e-08 )
( 2.68419e-08 )
( 8.19391e-08 )
( 6.39918e-08 )
( 9.83146e-08 )
( 1.40296e-07 )
( 1.12451e-07 )
( 1.28034e-07 )
( 3.21917e-08 )
( 2.83548e-08 )
( 6.82584e-08 )
( 6.28123e-08 )
( 4.0553e-09 )
( 2.49483e-08 )
( 4.16056e-09 )
( 1.68235e-08 )
( 8.31152e-08 )
( 2.82398e-08 )
( -3.11895e-08 )
( -7.84998e-08 )
( -7.38378e-09 )
( -4.18566e-08 )
( 6.32128e-08 )
( -8.25359e-08 )
( -1.00737e-07 )
( 2.65111e-08 )
( 4.56055e-09 )
( -6.56634e-10 )
( 3.40895e-08 )
( 5.09227e-08 )
( 6.2384e-08 )
( 4.73583e-08 )
( 5.59834e-08 )
( 9.37993e-08 )
( 9.73587e-08 )
( 9.2314e-08 )
( 1.30976e-07 )
( 1.05528e-07 )
( 1.09625e-07 )
( 5.1645e-08 )
( 9.785e-08 )
( 5.08662e-08 )
( 8.9439e-08 )
( 5.86482e-08 )
( 3.20951e-08 )
( 4.72878e-08 )
( 1.86229e-08 )
( 1.80248e-08 )
( 5.1326e-08 )
( 1.23672e-08 )
( 3.00112e-08 )
( -9.00078e-10 )
( 6.52385e-08 )
( 8.1461e-08 )
( 2.00745e-08 )
( -2.99767e-08 )
( -4.34317e-08 )
( 5.62338e-08 )
( -5.17077e-08 )
( -9.29533e-09 )
( -1.01853e-07 )
( -1.4617e-07 )
( -1.56161e-07 )
( -4.31837e-08 )
( -4.99151e-08 )
( -1.57528e-07 )
( -1.08073e-07 )
( -1.8082e-07 )
( -2.00231e-07 )
( -1.9721e-07 )
( -5.34461e-09 )
( -1.87553e-09 )
( 2.03663e-09 )
( -3.38521e-08 )
( -7.46367e-08 )
( -6.64205e-08 )
( -9.3695e-08 )
( -6.68115e-08 )
( -9.76899e-08 )
( -1.38498e-07 )
( -1.79789e-07 )
( -1.36066e-07 )
( -1.92419e-07 )
( -1.61144e-07 )
( -1.50394e-07 )
( -1.60978e-07 )
( -1.69484e-07 )
( -2.01689e-07 )
( -1.70955e-07 )
( -1.44759e-07 )
( -9.11673e-08 )
( -7.84827e-08 )
( -5.52175e-08 )
( -1.7607e-07 )
( -1.57238e-07 )
( -6.6578e-08 )
( -4.46839e-08 )
( 7.34271e-08 )
( 8.18388e-08 )
( 1.07985e-07 )
( -8.00024e-09 )
( 1.33859e-08 )
( -9.50408e-09 )
( -3.09635e-09 )
( -5.80425e-08 )
( 1.32332e-08 )
( -7.83114e-08 )
( -6.28819e-08 )
( -2.44967e-08 )
( -3.17715e-08 )
( -6.54057e-08 )
( -1.24976e-07 )
( -8.80722e-08 )
( -8.28529e-08 )
( 2.69688e-09 )
( 4.47629e-09 )
( -3.37493e-09 )
( -8.39843e-08 )
( 5.65977e-09 )
( -3.36395e-09 )
( 9.32205e-09 )
( 4.08409e-08 )
( 7.66791e-08 )
( 4.26157e-08 )
( 1.56716e-07 )
( 1.46722e-07 )
( 9.9194e-08 )
( 1.30573e-07 )
( 1.8326e-07 )
( 2.1985e-07 )
( 1.9171e-07 )
( 2.36067e-07 )
( 2.35504e-07 )
( 1.28744e-07 )
( 1.44828e-07 )
( 1.97087e-07 )
( 3.03555e-08 )
( 5.2723e-08 )
( 4.80081e-08 )
( 3.8765e-08 )
( 9.37729e-09 )
( 3.61659e-08 )
( 4.64748e-08 )
( 1.53106e-08 )
( 2.51282e-09 )
( 2.32486e-08 )
( 3.51494e-08 )
( 2.55596e-08 )
( 7.70748e-08 )
( 6.27457e-08 )
( 1.2612e-07 )
( 1.18663e-07 )
( 1.18316e-07 )
( 8.76783e-08 )
( 6.26589e-08 )
( 3.98042e-08 )
( 4.32096e-08 )
( 6.45889e-08 )
( 7.85876e-08 )
( 1.04975e-07 )
( 7.41101e-08 )
( 5.54871e-08 )
( -2.17804e-08 )
( 1.38415e-08 )
( 4.03155e-08 )
( 1.27497e-07 )
( 3.78359e-08 )
( 3.01145e-08 )
( -9.43554e-08 )
( -5.62066e-08 )
( -2.15888e-08 )
( 8.46926e-08 )
( 8.5452e-08 )
( -6.64455e-09 )
( 7.22173e-09 )
( -8.64653e-08 )
( -5.06841e-08 )
( -1.12508e-08 )
( 4.42691e-08 )
( 3.6785e-08 )
( 3.47176e-08 )
( -2.51738e-08 )
( -5.26528e-08 )
( -3.27437e-08 )
( 7.79875e-09 )
( -4.05576e-08 )
( -1.42574e-07 )
( -1.10622e-07 )
( -4.4651e-08 )
( 2.86876e-08 )
( 6.45648e-08 )
( 4.63542e-08 )
( -4.65428e-08 )
( -8.25791e-09 )
( 5.64429e-08 )
( 9.32633e-08 )
( 1.11831e-08 )
( -5.27869e-09 )
( -6.774e-08 )
( -4.35834e-08 )
( -9.71172e-09 )
( 3.38349e-08 )
( -3.55022e-08 )
( -3.90861e-08 )
( -4.4118e-08 )
( -3.71622e-08 )
( -3.95556e-08 )
( -1.70108e-08 )
( -8.13267e-08 )
( -7.24955e-08 )
( 2.17349e-08 )
( 2.59872e-09 )
( -3.44744e-08 )
( -6.89424e-08 )
( -5.51273e-08 )
( -4.77825e-08 )
( 9.22992e-08 )
( 5.53776e-08 )
( 8.2073e-09 )
( -1.50081e-08 )
( -5.09551e-08 )
( 2.95438e-08 )
( 3.23114e-08 )
( 1.74303e-07 )
( 1.43971e-07 )
( 1.17819e-07 )
( -2.06568e-09 )
( 2.66038e-09 )
( -3.6679e-08 )
( -2.55088e-09 )
( -2.67301e-08 )
( 4.73094e-08 )
( -2.48591e-08 )
( -3.77392e-08 )
( 3.67796e-08 )
( 2.94754e-08 )
( 2.81329e-08 )
( -5.41083e-08 )
( 1.71315e-08 )
( -5.35551e-09 )
( 4.66614e-08 )
( 3.41231e-08 )
( 6.38556e-08 )
( 5.36548e-09 )
( 1.65468e-08 )
( 1.94485e-08 )
( 2.33733e-08 )
( 2.478e-08 )
( 4.29746e-08 )
( 5.11882e-09 )
( 7.1729e-09 )
( 2.73848e-08 )
( 3.64837e-09 )
( 1.68689e-08 )
( 4.5378e-08 )
( 3.66761e-08 )
( 1.71083e-08 )
( 3.25117e-08 )
( -4.90768e-09 )
( 8.85053e-09 )
( 3.02601e-08 )
( 6.28557e-08 )
( 3.76998e-08 )
( 3.42497e-08 )
( -3.27071e-09 )
( 8.82966e-09 )
( 2.37327e-08 )
( 9.30538e-08 )
( 6.90449e-08 )
( 3.73433e-08 )
( 8.91854e-09 )
( 2.45664e-08 )
( 5.84788e-08 )
( 1.32667e-07 )
( 1.02394e-07 )
( 9.75944e-08 )
( 4.71328e-08 )
( 7.47813e-08 )
( 4.72637e-08 )
( 7.18891e-08 )
( 5.07208e-08 )
( -4.13889e-09 )
( 2.97991e-08 )
( 2.51055e-09 )
( 2.5128e-08 )
( 1.53929e-08 )
( -3.24183e-09 )
( -5.44217e-08 )
( -5.96575e-08 )
( -8.16799e-08 )
( -9.37328e-08 )
( -1.49891e-07 )
( -9.67211e-08 )
( 1.69022e-08 )
( 1.90868e-08 )
( 6.48051e-08 )
( 5.99367e-08 )
( 5.55885e-08 )
( 4.70987e-08 )
( 2.41309e-08 )
( 3.44544e-08 )
( -4.53272e-08 )
( -3.87861e-08 )
( -1.45404e-07 )
( -1.53461e-07 )
( -2.10145e-07 )
( -1.99123e-07 )
( -1.75346e-07 )
( -1.74172e-07 )
( -5.57178e-08 )
( -6.25221e-08 )
( 9.88463e-08 )
( 9.90242e-08 )
( 2.15493e-07 )
( 2.22635e-07 )
( 2.47432e-07 )
( 2.44519e-07 )
( 1.81991e-07 )
( 1.86952e-07 )
( 7.59282e-08 )
( 8.85614e-08 )
( 1.07703e-08 )
( -2.05162e-09 )
( -8.17947e-09 )
( -1.50828e-08 )
( -2.10145e-08 )
( -2.07205e-08 )
( 4.03184e-08 )
( 2.95616e-08 )
( 1.67916e-07 )
( 1.3925e-07 )
( 1.21675e-07 )
( 1.41396e-07 )
( 1.17661e-07 )
( 6.45452e-08 )
( 2.53282e-08 )
( -1.84908e-08 )
( 6.67948e-08 )
( -3.47515e-09 )
( 3.64913e-08 )
( 6.36029e-09 )
( -1.36851e-08 )
( 2.27438e-08 )
( 1.56297e-10 )
( -2.32913e-08 )
( 6.09596e-09 )
( -1.86095e-08 )
( -2.37687e-08 )
( -2.70523e-08 )
( -4.01348e-08 )
( 1.06926e-08 )
( -1.00311e-08 )
( -1.16229e-07 )
( -1.33071e-07 )
( -1.14545e-07 )
( 1.41883e-08 )
( -3.33336e-09 )
( 5.68036e-08 )
( 3.963e-08 )
( 3.77986e-08 )
( -2.542e-08 )
( -8.48046e-10 )
( 3.12483e-08 )
( 9.65401e-08 )
( 1.02401e-07 )
( 9.70115e-08 )
( 3.13039e-08 )
( -2.35944e-09 )
( 7.0153e-08 )
( 4.93743e-08 )
( 1.41611e-07 )
( 1.01907e-07 )
( 1.39457e-07 )
( 7.51597e-08 )
( 6.05207e-08 )
( 1.03826e-07 )
( 9.57519e-08 )
( 9.20455e-08 )
( 6.37792e-08 )
( 1.25981e-07 )
( 1.01829e-07 )
( 1.30959e-07 )
( 7.675e-08 )
( 1.02303e-07 )
( 1.12829e-07 )
( 9.62312e-08 )
( 5.79894e-08 )
( 2.93534e-08 )
( 2.77441e-09 )
( 1.7121e-08 )
( 5.41754e-08 )
( 1.28406e-08 )
( -1.16788e-08 )
( -4.57156e-08 )
( -8.97031e-08 )
( -1.06718e-07 )
( -8.70184e-08 )
( 8.59005e-08 )
( 6.65301e-08 )
( 8.68251e-08 )
( 2.68532e-08 )
( 6.48247e-08 )
( 4.38782e-08 )
( 6.01618e-08 )
( 1.92179e-08 )
( 1.44142e-08 )
( -9.20767e-08 )
( -2.91433e-08 )
( -9.7428e-09 )
( -5.50901e-08 )
( -8.60368e-08 )
( -1.04934e-07 )
( -1.49849e-07 )
( -1.16767e-07 )
( -8.1559e-08 )
( -8.20228e-08 )
( -1.24255e-07 )
( -1.06017e-07 )
( -1.04588e-07 )
( -1.01334e-07 )
( -1.22396e-07 )
( -1.96291e-07 )
( -1.2561e-07 )
( -1.54635e-07 )
( -2.87899e-08 )
( -3.52487e-08 )
( -3.8023e-08 )
( 6.64029e-08 )
( 4.42432e-08 )
( 7.54167e-08 )
( 3.08108e-08 )
( 6.17635e-08 )
( -3.74637e-09 )
( 8.07807e-10 )
( -3.68983e-08 )
( 1.09847e-08 )
( -6.45498e-08 )
( -1.77922e-08 )
( -8.36918e-08 )
( -6.48542e-08 )
( -9.98083e-08 )
( -2.73125e-09 )
( -2.30034e-08 )
( -5.85585e-09 )
( -9.7115e-08 )
( 9.46839e-09 )
( -1.72988e-08 )
( 4.90763e-08 )
( 8.81027e-08 )
( 6.64671e-08 )
( 5.51765e-09 )
( 1.28853e-07 )
( 9.97466e-08 )
( 1.74148e-07 )
( 2.14121e-07 )
( 1.86853e-07 )
( 1.06383e-07 )
( 8.0796e-08 )
( 2.09885e-07 )
( 1.94509e-07 )
( 2.26066e-07 )
( 2.3374e-07 )
( 2.21671e-07 )
( 6.22438e-08 )
( 4.94265e-08 )
( 7.18049e-08 )
( 4.24018e-08 )
( 5.9625e-08 )
( 8.02748e-09 )
( 3.46822e-08 )
( 3.66858e-08 )
( 4.2677e-08 )
( 4.69647e-08 )
( 5.2952e-08 )
( 1.55666e-08 )
( 5.9694e-08 )
( 6.61055e-08 )
( 1.19134e-07 )
( 1.29655e-07 )
( 1.38574e-07 )
( 8.28872e-08 )
( 1.06754e-07 )
( 1.34364e-07 )
( 8.10002e-08 )
( 1.42646e-07 )
( 1.25934e-07 )
( 1.74935e-07 )
( 1.8749e-07 )
( 2.17173e-07 )
( 8.67492e-08 )
( 1.53594e-07 )
( 1.26609e-07 )
( 2.51263e-07 )
( 1.90233e-07 )
( 2.10467e-07 )
( 3.93398e-08 )
( 1.00326e-07 )
( 6.06945e-08 )
( 2.14935e-07 )
( 1.50145e-07 )
( 1.02817e-07 )
( 9.17884e-08 )
( -6.16911e-09 )
( 1.42638e-08 )
( -1.09683e-08 )
( 6.08072e-08 )
( 3.32872e-08 )
( 6.34857e-08 )
( -4.64255e-09 )
( 2.14993e-08 )
( 1.26016e-09 )
( 1.52964e-08 )
( 4.8963e-08 )
( -2.35091e-08 )
( 2.80119e-08 )
( -2.10932e-09 )
( 7.83731e-08 )
( 8.03784e-08 )
( 1.09682e-07 )
( 5.56772e-08 )
( 9.58108e-08 )
( 7.21698e-08 )
( 1.32968e-07 )
( 4.1811e-08 )
( 9.14648e-08 )
( -1.04354e-08 )
( 3.01175e-08 )
( 3.30025e-09 )
( 1.07806e-07 )
( 2.90703e-08 )
( 7.47238e-08 )
( -3.88362e-08 )
( -3.79251e-10 )
( -2.33068e-08 )
( 8.29677e-08 )
( -2.42803e-08 )
( -2.75536e-09 )
( -6.25308e-08 )
( -2.6352e-08 )
( -5.07486e-08 )
( 4.00886e-09 )
( -3.58206e-08 )
( -4.31632e-08 )
( -3.10689e-08 )
( -9.98656e-09 )
( -3.20912e-08 )
( -4.16212e-08 )
( -4.55722e-08 )
( 5.08065e-09 )
( -1.59659e-08 )
( 4.15858e-08 )
( 5.62024e-08 )
( 3.89513e-08 )
( 9.29274e-08 )
( 8.06231e-08 )
( 9.08566e-08 )
( 8.35833e-08 )
( 1.04147e-07 )
( 7.58554e-08 )
( 2.84659e-08 )
( 1.35563e-08 )
( 5.92012e-08 )
( 3.25559e-08 )
( 5.23972e-08 )
( 3.28421e-08 )
( 3.73191e-08 )
( 3.47735e-08 )
( 5.33821e-08 )
( 5.01607e-08 )
( 2.94512e-08 )
( 5.15716e-08 )
( 4.05815e-09 )
( 1.79395e-08 )
( 2.43231e-08 )
( 1.6199e-08 )
( 4.87527e-09 )
( 3.14296e-08 )
( -7.63651e-09 )
( -1.77145e-09 )
( 6.30552e-09 )
( 2.0922e-08 )
( 1.846e-09 )
( 2.59894e-08 )
( -4.15772e-09 )
( -5.95469e-09 )
( 9.29821e-09 )
( 3.4867e-08 )
( 1.79635e-08 )
( 1.10516e-08 )
( 3.27614e-08 )
( 2.94511e-08 )
( 2.93625e-08 )
( 6.81109e-08 )
( 5.4051e-08 )
( 3.46086e-08 )
( 7.40188e-08 )
( 8.13294e-08 )
( 5.54786e-08 )
( 9.54517e-08 )
( 8.33062e-08 )
( 7.58448e-08 )
( 1.66325e-07 )
( 1.04538e-07 )
( 1.0656e-07 )
( 7.19478e-08 )
( 1.09647e-07 )
( 5.98528e-08 )
( 7.88602e-08 )
( -1.28912e-08 )
( -1.65999e-08 )
( -2.98902e-08 )
( -5.72746e-08 )
( -4.58715e-09 )
( -2.13916e-09 )
( -2.70269e-08 )
( -5.09873e-08 )
( -3.93317e-08 )
( -1.3514e-07 )
( -1.29883e-07 )
( -1.25975e-07 )
( 2.18447e-08 )
( 3.11327e-08 )
( 1.25901e-08 )
( -3.49495e-08 )
( -5.57484e-08 )
( 5.69794e-08 )
( 3.56342e-08 )
( -1.93849e-08 )
( 8.85232e-08 )
( 8.7893e-08 )
( 9.96038e-08 )
( 1.12088e-08 )
( 5.96413e-09 )
( 5.1585e-08 )
( 5.00073e-08 )
( 1.23649e-07 )
( 1.26046e-07 )
( 8.77803e-08 )
( -3.64156e-09 )
( 1.67059e-08 )
( 2.30844e-08 )
( -5.6108e-09 )
( 9.48733e-09 )
( 5.5044e-08 )
( 9.12346e-08 )
( 7.84896e-08 )
( 8.34742e-08 )
( 5.29723e-08 )
( 5.36169e-08 )
( 9.95445e-08 )
( 5.6133e-08 )
( 8.58387e-08 )
( 1.40259e-08 )
( 1.20448e-10 )
( -4.51456e-09 )
( 2.00191e-08 )
( 5.37429e-08 )
( -6.3728e-08 )
( -1.12278e-08 )
( -9.29131e-08 )
( -9.43848e-08 )
( -1.08032e-07 )
( -1.60465e-08 )
( 2.80746e-10 )
( 1.98365e-08 )
( -4.66406e-08 )
( -6.08586e-08 )
( -4.41036e-08 )
( -1.82762e-08 )
( -1.12739e-08 )
( -5.96339e-08 )
( -1.04204e-07 )
( -1.3822e-07 )
( -4.08736e-08 )
( -1.10672e-07 )
( -8.8672e-08 )
( -1.37088e-07 )
( -1.48844e-07 )
( -1.71563e-07 )
( -9.79977e-08 )
( -1.48785e-07 )
( -1.0168e-07 )
( -1.26407e-07 )
( -1.17484e-07 )
( -1.23166e-07 )
( -1.91051e-07 )
( -1.41198e-07 )
( -1.6745e-07 )
( -1.28907e-07 )
( -3.82924e-08 )
( -4.00923e-08 )
( -4.46434e-08 )
( -3.20317e-08 )
( -9.15461e-09 )
( -2.08901e-08 )
( -5.49047e-08 )
( -1.05679e-07 )
( -2.54923e-08 )
( -8.96369e-08 )
( -7.38398e-08 )
( -5.65314e-08 )
( -8.32461e-08 )
( -1.26325e-07 )
( -1.3758e-07 )
( -1.3551e-07 )
( -1.26839e-07 )
( -5.02881e-08 )
( -4.41315e-08 )
( -6.35679e-08 )
( -1.29934e-07 )
( -3.96925e-08 )
( -2.8205e-08 )
( 1.54791e-08 )
( 4.55264e-08 )
( 6.44144e-08 )
( -1.57866e-08 )
( 8.81299e-08 )
( 1.06606e-07 )
( 1.53282e-07 )
( 1.73089e-07 )
( 2.03938e-07 )
( 8.2272e-08 )
( 9.57121e-08 )
( 1.84578e-07 )
( 2.01432e-07 )
( 2.14692e-07 )
( 2.07948e-07 )
( 2.36444e-07 )
( -1.58868e-08 )
( 1.98948e-08 )
( 1.01018e-08 )
( -1.5105e-08 )
( -5.82379e-08 )
( 1.35e-08 )
( 4.43988e-09 )
( -1.13522e-08 )
( 2.94779e-09 )
( 9.22009e-09 )
( 2.28668e-09 )
( -3.35891e-08 )
( 3.21553e-08 )
( 7.90434e-09 )
( 8.60217e-08 )
( 1.05132e-07 )
( 9.14518e-08 )
( 4.12495e-08 )
( 1.11951e-07 )
( 7.74805e-08 )
( 5.31166e-08 )
( 1.04326e-07 )
( 1.18954e-07 )
( 1.46783e-07 )
( 1.97688e-07 )
( 1.6748e-07 )
( 6.20108e-08 )
( 1.07392e-07 )
( 1.38301e-07 )
( 2.30232e-07 )
( 1.90542e-07 )
( 1.76358e-07 )
( 1.52185e-08 )
( 4.10225e-08 )
( 8.73647e-08 )
( 1.44625e-07 )
( 2.01609e-07 )
( 7.41177e-08 )
( 9.30212e-08 )
( -2.03606e-08 )
( -2.57009e-08 )
( 2.15253e-09 )
( 1.26496e-08 )
( 2.29535e-08 )
( 1.96171e-08 )
( -3.29673e-08 )
( -5.42759e-08 )
( -4.07831e-08 )
( 3.54458e-08 )
( -1.90133e-08 )
( -6.43196e-08 )
( -3.75115e-08 )
( 1.85446e-08 )
( 4.63484e-08 )
( 8.51669e-08 )
( 5.45662e-08 )
( 3.44362e-08 )
( 5.73851e-08 )
( 9.18285e-08 )
( 9.95484e-08 )
( 7.70388e-08 )
( 4.23137e-08 )
( -2.61242e-08 )
( -5.73852e-10 )
( 2.51143e-08 )
( 8.50607e-08 )
( 5.73734e-08 )
( 3.20571e-08 )
( -5.08216e-08 )
( -2.77831e-08 )
( -1.71952e-08 )
( 5.77052e-08 )
( -2.43017e-08 )
( -3.40009e-08 )
( -7.44462e-08 )
( -6.02074e-08 )
( -6.0419e-08 )
( -2.19511e-08 )
( -6.77351e-08 )
( -6.64857e-08 )
( -4.96329e-08 )
( -5.19422e-08 )
( -5.16788e-08 )
( -5.48356e-08 )
( -6.23046e-08 )
( -3.59226e-08 )
( -3.58067e-08 )
( 1.66906e-08 )
( 7.7115e-09 )
( 2.17174e-08 )
( -1.4507e-08 )
( -2.3152e-08 )
( -4.91347e-08 )
( -1.91585e-08 )
( -4.85096e-08 )
( 3.67508e-09 )
( -1.35485e-08 )
( -5.09625e-08 )
( -2.03566e-08 )
( -2.49722e-08 )
( -3.08609e-08 )
( -1.45373e-08 )
( 3.93031e-08 )
( 6.95421e-09 )
( 1.38785e-08 )
( 4.91336e-11 )
( 1.0807e-08 )
( 5.34182e-08 )
( 3.63802e-08 )
( 1.83974e-08 )
( 3.43622e-08 )
( 1.577e-08 )
( 1.83609e-08 )
( 5.989e-08 )
( 1.68019e-10 )
( 1.02958e-08 )
( 4.16624e-08 )
( 2.31388e-08 )
( 4.41012e-08 )
( 4.22773e-08 )
( -3.29744e-08 )
( -7.38819e-09 )
( 2.81524e-08 )
( 1.83991e-08 )
( 5.04292e-08 )
( 9.83528e-10 )
( -2.39203e-08 )
( -1.95258e-09 )
( 1.12828e-08 )
( 2.30645e-08 )
( 6.65908e-08 )
( -1.0827e-08 )
( -1.17549e-08 )
( -6.80737e-09 )
( 9.56773e-09 )
( 2.19436e-08 )
( 6.8387e-08 )
( 1.64379e-07 )
( -2.00208e-08 )
( 6.96838e-08 )
( 2.66228e-08 )
( -1.58979e-08 )
( -3.42333e-08 )
( 2.81821e-08 )
( -1.126e-08 )
( 5.38603e-08 )
( 1.11238e-08 )
( 2.46019e-08 )
( -1.47965e-08 )
( -2.26915e-09 )
( -8.12074e-09 )
( -4.01621e-08 )
( -8.74517e-09 )
( -7.80453e-09 )
( 2.13493e-08 )
( 1.22006e-08 )
( 4.57649e-08 )
( 4.65616e-08 )
( 8.93759e-08 )
( 8.46184e-08 )
( 4.46307e-08 )
( 4.07818e-08 )
( -4.33138e-08 )
( -6.14011e-08 )
( -1.8363e-07 )
( -1.73735e-07 )
( -1.77982e-07 )
( -1.79335e-07 )
( -1.58875e-07 )
( -1.66574e-07 )
( -5.84629e-08 )
( -5.73044e-08 )
( 7.32808e-08 )
( 6.95494e-08 )
( 1.6887e-07 )
( 1.63028e-07 )
( 1.71585e-07 )
( 1.75912e-07 )
( 1.16782e-07 )
( 1.26417e-07 )
( 4.9001e-08 )
( 4.16624e-08 )
( -1.81827e-08 )
( -1.9321e-08 )
( -9.10063e-08 )
( -8.79205e-08 )
( -3.20248e-08 )
( -3.69798e-08 )
( 5.35568e-08 )
( 3.74698e-08 )
( 1.70069e-07 )
( 1.80635e-07 )
( 7.35496e-08 )
( 5.50322e-08 )
( 8.49856e-08 )
( 6.52458e-08 )
( 6.34488e-08 )
( 6.91652e-08 )
( 2.59321e-08 )
( 1.30619e-08 )
( 2.63663e-08 )
( -1.25556e-08 )
( 6.7966e-09 )
( 1.86562e-08 )
( 3.46401e-08 )
( 3.98443e-08 )
( 4.15148e-08 )
( -1.03935e-08 )
( 6.81486e-09 )
( 3.9003e-08 )
( -3.65987e-08 )
( -3.73456e-08 )
( -1.09506e-08 )
( 1.28981e-09 )
( -2.25053e-09 )
( -1.02301e-08 )
( 1.28832e-08 )
( 6.41171e-08 )
( 5.98422e-08 )
( 7.47981e-08 )
( 9.88172e-08 )
( 1.04266e-07 )
( 5.93339e-08 )
( 4.74947e-08 )
( 9.96673e-08 )
( 8.3614e-08 )
( 8.32437e-08 )
( 2.89859e-08 )
( 3.01689e-08 )
( 5.272e-08 )
( 1.39178e-07 )
( 1.32818e-07 )
( 1.45565e-07 )
( 5.11329e-08 )
( 1.19979e-07 )
( 1.09194e-07 )
( 1.32039e-07 )
( 9.33715e-08 )
( 1.36113e-07 )
( 1.01376e-07 )
( 1.04964e-07 )
( 6.27666e-08 )
( 6.03623e-08 )
( 1.34717e-08 )
( 8.28014e-09 )
( 3.67168e-08 )
( 8.80053e-08 )
( 6.18806e-08 )
( 1.10121e-07 )
( 7.51915e-08 )
( 8.98298e-08 )
( 5.24556e-08 )
( 9.59299e-08 )
( 6.75645e-08 )
( 7.43884e-08 )
( -2.17413e-09 )
( 4.77233e-08 )
( 5.18988e-08 )
( 4.89088e-08 )
( 2.22967e-08 )
( -1.27668e-08 )
( -2.27947e-08 )
( -3.73792e-10 )
( 2.79328e-08 )
( -4.59374e-08 )
( -8.96635e-08 )
( -5.36739e-08 )
( -7.64684e-08 )
( -5.54019e-08 )
( -9.16208e-08 )
( -1.44262e-07 )
( -1.66691e-07 )
( -1.91586e-07 )
( -1.07642e-07 )
( -1.31085e-07 )
( -1.20476e-07 )
( 8.0681e-08 )
( 6.01739e-08 )
( 8.79816e-08 )
( 3.78148e-08 )
( 7.08202e-08 )
( 2.93097e-08 )
( 5.12069e-08 )
( 1.47723e-08 )
( 3.14346e-08 )
( -6.41227e-08 )
( 1.21537e-09 )
( -2.16988e-08 )
( -3.71842e-08 )
( -5.82581e-08 )
( -2.52247e-08 )
( -5.23289e-08 )
( -2.06229e-08 )
( -4.5097e-08 )
( 1.0271e-08 )
( -2.67661e-08 )
( 2.83655e-08 )
( 4.5446e-08 )
( 4.194e-08 )
( -2.07644e-08 )
( 4.10608e-08 )
( 1.93581e-09 )
( 1.31331e-07 )
( 1.26256e-07 )
( 1.23833e-07 )
( -5.77616e-09 )
( -6.60494e-08 )
( 8.32637e-08 )
( 6.13519e-08 )
( 1.86626e-07 )
( 1.57001e-07 )
( 1.63458e-07 )
( 6.84212e-08 )
( 5.16726e-08 )
( 7.70427e-08 )
( 3.05692e-08 )
( 5.92691e-08 )
( 9.69726e-09 )
( 2.21707e-08 )
( 5.66053e-09 )
( 5.69396e-08 )
( 2.04176e-08 )
( 5.06099e-08 )
( -2.85545e-08 )
( -9.27501e-09 )
( -6.66226e-09 )
( 8.30767e-08 )
( 9.67233e-08 )
( 1.03943e-07 )
( 5.12579e-09 )
( 8.71814e-08 )
( 9.94241e-08 )
( 1.11663e-07 )
( 1.77752e-07 )
( 1.47602e-07 )
( 1.26877e-07 )
( 2.05111e-07 )
( 2.1158e-07 )
( 1.77424e-07 )
( 2.35149e-07 )
( 1.93673e-07 )
( 2.22521e-07 )
( 2.37087e-07 )
( 2.44016e-07 )
( 1.52672e-07 )
( 1.81408e-07 )
( 1.41805e-07 )
( 2.23514e-07 )
( 1.35949e-07 )
( 1.53518e-07 )
( 1.44544e-07 )
( 6.07215e-08 )
( 3.15399e-08 )
( 2.60001e-08 )
( 7.12149e-08 )
( 4.88394e-08 )
( 7.24355e-08 )
( 1.07862e-08 )
( 4.04066e-08 )
( 2.03312e-08 )
( 4.16172e-08 )
( 5.94555e-08 )
( 1.70859e-08 )
( 6.5946e-08 )
( 4.66482e-08 )
( 7.36862e-08 )
( 7.40656e-08 )
( 1.12894e-07 )
( 6.62924e-08 )
( 1.02665e-07 )
( 8.69006e-08 )
( 1.25969e-07 )
( 9.05233e-08 )
( 1.50321e-07 )
( 2.23458e-08 )
( 7.16569e-08 )
( 4.11768e-08 )
( 1.66538e-07 )
( 1.08697e-07 )
( 1.68502e-07 )
( 5.30489e-09 )
( 5.41812e-08 )
( 1.70422e-08 )
( 1.78822e-07 )
( 5.67901e-08 )
( 9.34734e-08 )
( -5.58046e-08 )
( -3.85096e-09 )
( -5.4294e-08 )
( 9.68158e-08 )
( -9.59351e-10 )
( 1.0313e-09 )
( -7.35643e-08 )
( -3.84526e-08 )
( -8.27114e-08 )
( -4.684e-09 )
( -4.96427e-08 )
( -2.13782e-08 )
( -3.73844e-08 )
( -2.79335e-08 )
( -3.64088e-08 )
( -4.49309e-08 )
( 1.05683e-07 )
( 8.77203e-08 )
( 5.20156e-08 )
( 8.61834e-08 )
( 1.02355e-07 )
( 7.88341e-08 )
( 5.43971e-08 )
( 5.55993e-08 )
( 7.0492e-08 )
( 5.20666e-08 )
( 5.93344e-08 )
( 7.38041e-08 )
( 5.27944e-08 )
( 6.58846e-08 )
( 4.57e-08 )
( 4.48533e-08 )
( 3.09858e-08 )
( 8.20192e-08 )
( 1.59992e-08 )
( 3.35984e-08 )
( 1.50803e-09 )
( 2.47183e-08 )
( 8.91373e-09 )
( 6.5058e-08 )
( -3.35378e-10 )
( 9.85006e-09 )
( -2.31406e-08 )
( 1.85114e-08 )
( -3.38536e-09 )
( 3.76184e-08 )
( -1.3093e-08 )
( -2.00519e-08 )
( -2.28711e-08 )
( 1.51816e-08 )
( -9.27437e-10 )
( -1.58409e-08 )
( -5.29555e-10 )
( -2.16489e-08 )
( 1.32147e-08 )
( 3.87835e-08 )
( 2.71379e-08 )
( -3.67532e-08 )
( 3.53855e-08 )
( 3.15228e-08 )
( 5.7131e-08 )
( 6.83578e-08 )
( 5.051e-08 )
( 1.21869e-08 )
( 7.23609e-08 )
( 6.93488e-08 )
( 8.39659e-08 )
( 8.63344e-08 )
( 7.09474e-08 )
( 4.55925e-08 )
( 6.53727e-08 )
( 2.17599e-08 )
( 1.75415e-08 )
( -4.14092e-09 )
( -1.43121e-08 )
( 1.03871e-08 )
( -2.82173e-08 )
( -8.56489e-09 )
( -1.7098e-09 )
( -1.00942e-08 )
( -3.84029e-08 )
( -2.9397e-08 )
( -6.41774e-08 )
( -5.4117e-08 )
( -4.69353e-08 )
( -3.74441e-09 )
( -8.13684e-09 )
( 4.46057e-08 )
( 4.24921e-08 )
( 6.87933e-08 )
( 9.32046e-08 )
( 7.15517e-08 )
( 8.21806e-09 )
( 2.91024e-09 )
( -5.4991e-09 )
( -4.63443e-08 )
( -4.91631e-08 )
( 3.89856e-08 )
( 6.44013e-08 )
( 1.84848e-08 )
( 8.88204e-08 )
( 9.10993e-08 )
( 1.0623e-07 )
( 5.8802e-08 )
( 8.73577e-08 )
( 8.15662e-08 )
( 1.21127e-07 )
( 1.19251e-07 )
( 8.69899e-08 )
( 8.94089e-08 )
( 8.96235e-08 )
( 4.0051e-08 )
( 3.81065e-08 )
( 1.11145e-08 )
( 1.97888e-08 )
( -1.27794e-08 )
( -3.27744e-08 )
( -1.60884e-08 )
( -6.21291e-09 )
( -6.91965e-08 )
( -5.91175e-08 )
( -1.06452e-08 )
( 3.07857e-08 )
( 2.6009e-08 )
( -3.11274e-09 )
( -3.26888e-08 )
( -4.40304e-08 )
( 3.33128e-08 )
( -1.63315e-08 )
( 2.8116e-09 )
( -4.58877e-08 )
( -3.68656e-08 )
( -4.791e-08 )
( -1.12628e-08 )
( -1.12789e-07 )
( -6.10425e-08 )
( -7.26015e-08 )
( -7.52779e-08 )
( -9.76431e-08 )
( -1.34896e-07 )
( -1.05632e-07 )
( -2.02159e-07 )
( -1.70591e-07 )
( -1.09072e-07 )
( -1.18506e-07 )
( -1.43176e-07 )
( -5.54169e-08 )
( -2.87157e-08 )
( -2.63347e-08 )
( -7.99826e-08 )
( -1.07322e-07 )
( -5.22165e-08 )
( -5.74358e-08 )
( -4.76637e-08 )
( -5.47426e-08 )
( -9.01573e-08 )
( -1.35018e-07 )
( -8.50173e-08 )
( -1.04299e-07 )
( -9.97857e-08 )
( -8.21153e-08 )
( -7.2958e-08 )
( -9.82025e-08 )
( -8.66785e-08 )
( -5.15073e-08 )
( -2.24647e-08 )
( -4.92735e-10 )
( 2.15032e-08 )
( 1.91508e-08 )
( -4.03456e-08 )
( -1.50761e-08 )
( 1.88835e-08 )
( 1.16919e-07 )
( 1.15482e-07 )
( 1.12173e-07 )
( -6.39575e-08 )
( -2.05759e-08 )
( 5.18101e-08 )
( 7.08598e-08 )
( 1.7981e-07 )
( 1.55024e-07 )
( 1.50011e-07 )
( -4.95647e-08 )
( -1.9974e-08 )
( -3.08441e-08 )
( -5.18488e-08 )
( -9.63783e-08 )
( -3.45412e-08 )
( -5.8531e-08 )
( -5.72328e-08 )
( -5.09988e-09 )
( -1.48168e-08 )
( -4.66648e-08 )
( -9.77797e-08 )
( -4.61087e-08 )
( -7.2944e-08 )
( 3.74239e-08 )
( 6.40091e-08 )
( 4.52072e-08 )
( -3.8551e-08 )
( 7.68289e-08 )
( 4.87076e-08 )
( 8.33735e-08 )
( 1.31156e-07 )
( 1.49135e-07 )
( 9.99452e-08 )
( 1.94017e-07 )
( 1.7848e-07 )
( 1.5278e-07 )
( 1.79656e-07 )
( 2.18399e-07 )
( 2.01829e-07 )
( 2.2603e-07 )
( 2.23943e-07 )
( 1.29372e-07 )
( 1.23346e-07 )
( 1.72916e-07 )
( 1.32498e-07 )
( 2.11696e-07 )
( 1.27333e-07 )
( 1.48191e-07 )
( 4.24648e-08 )
( 4.92998e-09 )
( 2.5011e-08 )
( -1.70501e-08 )
( -3.36796e-09 )
( -1.94965e-08 )
( -2.89159e-08 )
( -4.96356e-08 )
( -4.20494e-08 )
( 2.23495e-08 )
( -1.59549e-08 )
( -3.1946e-08 )
( 1.84525e-09 )
( 3.39862e-08 )
( 2.23349e-08 )
( 8.18926e-08 )
( 3.51249e-08 )
( 4.04752e-08 )
( 6.37832e-08 )
( 7.85918e-08 )
( 8.49785e-08 )
( 1.3179e-07 )
( 7.78323e-08 )
( 7.33981e-09 )
( 3.15714e-08 )
( 5.35694e-08 )
( 1.37552e-07 )
( 1.50311e-07 )
( 1.05138e-07 )
( -3.63926e-09 )
( 9.22379e-09 )
( 3.12929e-08 )
( 1.50722e-07 )
( 7.09205e-08 )
( 4.78234e-08 )
( -6.9242e-08 )
( -6.46828e-08 )
( -3.46834e-08 )
( 7.42071e-08 )
( -2.63598e-08 )
( -2.35461e-08 )
( -9.63963e-08 )
( -1.01143e-07 )
( -7.17406e-08 )
( -5.61904e-08 )
( -1.79258e-08 )
( -5.30745e-08 )
( -4.5129e-08 )
( -5.79891e-08 )
( -6.79401e-08 )
( -4.69312e-08 )
( -1.29584e-08 )
( -2.99462e-08 )
( -4.52459e-08 )
( -1.47879e-08 )
( -4.11719e-08 )
( -2.13888e-08 )
( 7.96215e-09 )
( -3.02026e-08 )
( -2.53884e-08 )
( -2.28541e-08 )
( -4.7332e-09 )
( 1.64797e-08 )
( 4.78377e-08 )
( 2.54078e-08 )
( 9.50537e-09 )
( 5.72865e-09 )
( 4.12576e-08 )
( 7.20563e-08 )
( 2.62241e-08 )
( 1.47612e-08 )
( 2.10767e-08 )
( 1.9236e-08 )
( 5.36869e-08 )
( 7.83237e-08 )
( -7.89521e-09 )
( -3.92582e-09 )
( 1.45245e-08 )
( 1.21043e-08 )
( 4.05832e-08 )
( 4.68001e-08 )
( -5.13908e-08 )
( -3.06384e-08 )
( -4.68572e-09 )
( -8.01275e-10 )
( 4.11301e-09 )
( -2.06681e-08 )
( -6.46578e-08 )
( -3.6939e-08 )
( -4.77049e-09 )
( 7.40938e-10 )
( -1.33461e-08 )
( -6.4864e-08 )
( -2.30385e-08 )
( -1.99225e-08 )
( -6.96678e-09 )
( -6.84553e-09 )
( -1.74444e-08 )
( 7.01564e-08 )
( -3.78651e-08 )
( 6.56506e-08 )
( 3.38561e-08 )
( 5.42205e-09 )
( -1.79569e-09 )
( 3.8395e-08 )
( -1.24174e-08 )
( 1.06695e-08 )
( -1.35307e-08 )
( 4.35364e-08 )
( -2.85557e-09 )
( 7.24106e-09 )
( 6.18009e-08 )
( 5.4142e-08 )
( 9.49327e-08 )
( 1.01564e-07 )
( 1.41022e-07 )
( 1.40314e-07 )
( 8.30161e-08 )
( 5.27232e-08 )
( -4.83173e-08 )
( -5.30241e-08 )
( -8.942e-08 )
( -9.82951e-08 )
( -1.76908e-07 )
( -1.7527e-07 )
( -1.50114e-07 )
( -1.49698e-07 )
( -6.33963e-08 )
( -7.22781e-08 )
( 3.28503e-08 )
( 2.62926e-08 )
( 8.79427e-08 )
( 8.95835e-08 )
( 1.03849e-07 )
( 1.07075e-07 )
( 9.17511e-08 )
( 8.81526e-08 )
( 4.59568e-08 )
( 5.2462e-08 )
( -9.17759e-08 )
( -8.42495e-08 )
( -5.88246e-08 )
( -5.55498e-08 )
( -1.01526e-09 )
( -8.13573e-09 )
( 9.37624e-08 )
( 1.02823e-07 )
( 5.46157e-08 )
( 2.87736e-08 )
( 6.81854e-08 )
( 6.56142e-08 )
( 3.02105e-08 )
( 3.00169e-08 )
( 2.1043e-08 )
( 4.21362e-08 )
( 3.25141e-08 )
( -1.90137e-08 )
( 1.04882e-08 )
( 3.40222e-08 )
( 4.628e-08 )
( 6.17521e-08 )
( 6.39903e-08 )
( 4.31731e-08 )
( -3.22474e-08 )
( 7.74123e-08 )
( 4.55566e-08 )
( 6.15478e-08 )
( -3.99879e-08 )
( 6.89563e-08 )
( 5.69245e-08 )
( 2.20146e-08 )
( 3.93737e-08 )
( 3.18145e-08 )
( 7.94054e-08 )
( 8.45135e-08 )
( 8.27023e-08 )
( 1.44037e-07 )
( 1.3743e-07 )
( 1.65606e-07 )
( 7.39157e-08 )
( 9.43919e-08 )
( 9.56396e-08 )
( 8.94177e-08 )
( 9.73855e-08 )
( 1.51857e-07 )
( 1.61932e-07 )
( 8.18673e-08 )
( 6.63175e-08 )
( 1.12015e-07 )
( 8.68034e-08 )
( 9.87068e-08 )
( 5.45426e-08 )
( 1.07407e-07 )
( 1.04004e-07 )
( 1.1373e-07 )
( 6.99581e-08 )
( 1.14731e-07 )
( 1.15479e-07 )
( 7.86588e-08 )
( 7.46824e-08 )
( 9.08137e-08 )
( 6.46137e-08 )
( 1.00291e-07 )
( 9.09351e-08 )
( -1.52021e-08 )
( -1.18818e-08 )
( -1.4164e-08 )
( -5.71974e-08 )
( -1.00364e-08 )
( 7.01027e-09 )
( 7.04627e-09 )
( -8.75573e-08 )
( -7.88771e-08 )
( -1.15656e-07 )
( -1.29102e-07 )
( -1.02519e-07 )
( 8.95952e-08 )
( 7.10427e-08 )
( 1.00784e-07 )
( 6.2377e-08 )
( 8.64626e-08 )
( 6.38819e-08 )
( 9.76011e-08 )
( 6.88376e-08 )
( 7.40767e-08 )
( 8.78686e-10 )
( 5.60921e-08 )
( 4.79974e-08 )
( -1.02661e-08 )
( -2.31707e-08 )
( 1.17406e-08 )
( 2.11069e-09 )
( 2.54183e-08 )
( -1.49315e-08 )
( -5.80338e-09 )
( -5.09195e-08 )
( 2.74486e-08 )
( 1.85357e-08 )
( 2.65401e-08 )
( -5.62555e-08 )
( -5.24484e-08 )
( -8.47899e-08 )
( 5.15997e-08 )
( 2.12327e-08 )
( 3.3652e-08 )
( -8.11218e-08 )
( -1.26717e-07 )
( -3.19325e-08 )
( -5.54394e-08 )
( 7.02385e-08 )
( 3.0134e-08 )
( 4.28391e-08 )
( 7.7654e-08 )
( 5.83695e-08 )
( 7.66745e-08 )
( 2.94674e-08 )
( 5.95893e-08 )
( 2.54813e-08 )
( 1.81896e-08 )
( -1.46361e-09 )
( 4.80994e-08 )
( -1.18718e-08 )
( 3.23346e-08 )
( -3.23547e-08 )
( -4.84247e-08 )
( -4.38948e-08 )
( 1.34209e-08 )
( 2.15281e-08 )
( 3.21074e-08 )
( -3.91066e-08 )
( 5.17787e-08 )
( 4.86473e-08 )
( 8.48335e-08 )
( 1.35058e-07 )
( 1.08403e-07 )
( 6.00886e-08 )
( 1.40161e-07 )
( 1.26559e-07 )
( 1.8996e-07 )
( 2.0687e-07 )
( 1.79262e-07 )
( 1.17386e-07 )
( 1.80672e-07 )
( 1.75517e-07 )
( 2.03206e-07 )
( 1.84386e-07 )
( 1.6786e-07 )
( 1.43452e-07 )
( 5.79264e-08 )
( 1.48282e-07 )
( 1.3985e-07 )
( 1.27341e-07 )
( 7.02436e-08 )
( 8.2707e-08 )
( 7.28493e-08 )
( 5.41381e-08 )
( 7.45046e-08 )
( 3.32042e-08 )
( 5.84781e-08 )
( 3.18527e-08 )
( 4.61284e-08 )
( 3.7489e-08 )
( 5.1905e-08 )
( 7.16954e-08 )
( 7.09477e-08 )
( 3.24905e-08 )
( 5.31906e-08 )
( 7.70587e-08 )
( 6.02787e-08 )
( 9.23059e-08 )
( 8.17622e-08 )
( 7.76809e-08 )
( 1.08233e-07 )
( 1.49071e-07 )
( 6.2121e-08 )
( 1.20703e-07 )
( 8.89533e-08 )
( 1.64978e-07 )
( 1.59011e-07 )
( 2.03374e-07 )
( 6.59555e-08 )
( 1.27623e-07 )
( 7.98333e-08 )
( 2.14284e-07 )
( 1.34485e-07 )
( 1.72628e-07 )
( 1.89949e-09 )
( 5.434e-08 )
( -3.568e-09 )
( 1.73641e-07 )
( 6.10601e-08 )
( 8.26848e-08 )
( -5.1225e-08 )
( -2.17389e-08 )
( -6.64718e-08 )
( 7.09698e-08 )
( 2.22355e-08 )
( 1.35121e-09 )
( 1.24302e-08 )
( -5.40921e-08 )
( -7.40173e-08 )
( -8.05887e-08 )
( 1.02064e-07 )
( 8.73347e-08 )
( 8.15034e-08 )
( 8.78891e-08 )
( 1.07475e-07 )
( 7.34164e-08 )
( 6.77509e-08 )
( 7.59141e-08 )
( 8.2072e-08 )
( 6.96664e-08 )
( 6.48621e-08 )
( 8.8483e-08 )
( 5.98706e-08 )
( 8.14619e-08 )
( 4.62715e-08 )
( 5.24302e-08 )
( 3.98053e-08 )
( 9.7811e-08 )
( 3.24358e-08 )
( 5.80382e-08 )
( 3.89102e-09 )
( 3.59478e-08 )
( 2.05771e-08 )
( 9.63507e-08 )
( 2.32354e-08 )
( 5.61919e-08 )
( -2.0535e-08 )
( 1.59013e-08 )
( -8.18406e-10 )
( 7.06943e-08 )
( 5.69139e-09 )
( 2.21226e-08 )
( -2.76044e-08 )
( -6.03956e-09 )
( -1.41547e-08 )
( 8.82966e-09 )
( -5.63208e-09 )
( -1.2302e-08 )
( -8.52479e-09 )
( -6.72135e-09 )
( -9.12329e-09 )
( -4.30172e-08 )
( 1.10236e-08 )
( 3.81931e-09 )
( 2.64277e-08 )
( 2.5188e-08 )
( 9.1129e-09 )
( -2.79632e-08 )
( 1.63567e-08 )
( 3.16624e-08 )
( 4.92437e-08 )
( 5.62871e-08 )
( 4.76084e-08 )
( 2.23093e-08 )
( 3.96703e-08 )
( 3.84621e-09 )
( 4.6956e-09 )
( 1.21639e-08 )
( -9.73978e-09 )
( 2.0956e-08 )
( 2.3284e-09 )
( 4.12828e-08 )
( 4.2616e-08 )
( 3.96486e-08 )
( -2.91737e-08 )
( -2.29624e-08 )
( -7.66866e-09 )
( 9.82316e-10 )
( -5.5642e-10 )
( -5.83647e-09 )
( 1.20245e-08 )
( 2.26576e-08 )
( 2.70245e-08 )
( 6.2403e-08 )
( 6.86719e-08 )
( 1.14934e-07 )
( 1.36724e-07 )
( 1.0962e-07 )
( 8.37582e-08 )
( 6.92816e-08 )
( 7.5065e-08 )
( 8.59155e-08 )
( 7.70091e-08 )
( 1.31466e-07 )
( 1.09763e-07 )
( -7.43951e-09 )
( -4.1304e-08 )
( -3.136e-08 )
( -6.27798e-08 )
( -4.37687e-08 )
( -1.4775e-08 )
( 5.30054e-08 )
( 3.98313e-08 )
( 4.64358e-08 )
( 4.34973e-08 )
( 4.91571e-08 )
( 6.14373e-08 )
( 3.48668e-08 )
( 3.26575e-08 )
( 3.65486e-08 )
( 3.50314e-08 )
( 1.15543e-08 )
( 5.90857e-08 )
( -1.9059e-08 )
( -2.35806e-08 )
( -2.36727e-08 )
( -3.04122e-08 )
( -7.57023e-08 )
( -1.43201e-08 )
( 1.4158e-08 )
( -1.12683e-07 )
( -1.12215e-07 )
( -1.24817e-07 )
( -1.10089e-07 )
( -1.43802e-07 )
( -6.21199e-08 )
( -5.76571e-08 )
( -4.96256e-08 )
( -9.56931e-08 )
( -9.1286e-08 )
( -5.70987e-08 )
( -2.76306e-08 )
( -1.47193e-08 )
( -2.73489e-08 )
( -5.55462e-08 )
( -7.76312e-08 )
( -2.9605e-08 )
( -6.23838e-08 )
( -5.63622e-08 )
( -4.95802e-08 )
( -3.16523e-08 )
( -4.60765e-08 )
( -5.08892e-08 )
( -8.5045e-08 )
( -5.11786e-08 )
( 7.47256e-09 )
( 5.9716e-09 )
( -9.07793e-09 )
( -7.98259e-08 )
( -1.12995e-07 )
( -8.56271e-08 )
( 3.65551e-08 )
( 1.80561e-08 )
( -5.34325e-09 )
( -1.25107e-07 )
( -1.07222e-07 )
( -5.61971e-08 )
( -4.13353e-08 )
( 6.04292e-08 )
( 3.92163e-08 )
( 1.83365e-08 )
( -7.09538e-08 )
( -4.48035e-08 )
( -5.16964e-08 )
( -6.79407e-08 )
( -1.00619e-07 )
( -6.65856e-08 )
( -9.49909e-08 )
( -8.46603e-08 )
( -3.76498e-08 )
( -5.20982e-08 )
( -9.5747e-08 )
( -1.11766e-07 )
( -8.88597e-08 )
( -1.09691e-07 )
( -4.64503e-08 )
( -1.35629e-08 )
( -3.12134e-08 )
( -8.05966e-08 )
( 1.72387e-08 )
( 3.94954e-09 )
( 5.33259e-08 )
( 8.98238e-08 )
( 1.01368e-07 )
( 2.55152e-08 )
( 1.09563e-07 )
( 1.08139e-07 )
( 1.64183e-07 )
( 1.63589e-07 )
( 1.83005e-07 )
( 9.92178e-08 )
( 1.64542e-07 )
( 1.68437e-07 )
( 1.86356e-07 )
( 1.53203e-07 )
( 1.75383e-07 )
( 5.41648e-08 )
( 1.35949e-07 )
( 1.26309e-07 )
( 1.39882e-07 )
( 1.12795e-07 )
( 6.06474e-08 )
( 6.44182e-08 )
( -3.32585e-08 )
( -2.01059e-08 )
( -4.54826e-08 )
( -2.5622e-08 )
( -4.29404e-08 )
( -3.29988e-08 )
( -2.78636e-08 )
( -2.38063e-08 )
( -8.47018e-09 )
( 1.70361e-08 )
( 1.44857e-08 )
( -3.67818e-08 )
( 3.77239e-08 )
( 5.6333e-09 )
( 2.23626e-08 )
( 4.55547e-08 )
( 4.81974e-08 )
( 2.92336e-08 )
( 1.27057e-07 )
( 8.05731e-08 )
( 4.25487e-08 )
( 6.8146e-08 )
( 8.99311e-08 )
( 1.28991e-07 )
( 1.90156e-07 )
( 1.43383e-07 )
( 5.80125e-08 )
( 6.8782e-08 )
( 1.04489e-07 )
( 1.89849e-07 )
( 1.56184e-07 )
( 1.21105e-07 )
( -8.44118e-09 )
( -1.16801e-08 )
( 3.71675e-08 )
( 1.59412e-07 )
( 6.23437e-08 )
( 4.67737e-08 )
( -6.93572e-08 )
( -7.76686e-08 )
( -3.44711e-08 )
( 2.25963e-08 )
( 6.97329e-08 )
( -1.08074e-09 )
( -5.92534e-09 )
( -7.19228e-08 )
( -8.56265e-08 )
( -6.12449e-08 )
( -3.22803e-09 )
( -1.60613e-08 )
( -2.13585e-08 )
( 3.11545e-09 )
( -1.13867e-08 )
( -1.8815e-08 )
( 2.03354e-08 )
( 7.3688e-10 )
( -1.38575e-08 )
( -7.32927e-09 )
( 1.10275e-08 )
( 4.00226e-08 )
( 5.1146e-08 )
( 4.14751e-08 )
( 1.11975e-08 )
( 1.60672e-08 )
( 4.27672e-08 )
( 8.58074e-08 )
( 3.67925e-08 )
( 2.3237e-08 )
( 1.54156e-08 )
( 2.51062e-08 )
( 5.21841e-08 )
( 9.60963e-08 )
( 3.57598e-08 )
( 1.4438e-08 )
( 3.07652e-09 )
( 1.29136e-08 )
( 2.87895e-08 )
( 7.15093e-08 )
( 2.47184e-09 )
( -6.37243e-09 )
( -1.21835e-08 )
( -1.01392e-09 )
( -1.31426e-08 )
( 3.61629e-09 )
( -3.34925e-08 )
( -2.43993e-08 )
( -1.14154e-08 )
( -7.78947e-09 )
( -3.90372e-08 )
( -6.16712e-08 )
( -1.52034e-08 )
( -1.05972e-08 )
( -4.68586e-09 )
( -5.90868e-09 )
( -1.51857e-08 )
( 1.33564e-08 )
( -5.02773e-08 )
( 4.83625e-08 )
( 2.51031e-08 )
( 1.5767e-08 )
( 6.70602e-09 )
( 3.49359e-08 )
( -3.69136e-09 )
( 1.68256e-08 )
( -1.30974e-09 )
( 3.99792e-08 )
( 5.55509e-08 )
( 7.26514e-08 )
( 8.97015e-08 )
( 8.45967e-08 )
( 9.15839e-08 )
( 8.48026e-08 )
( 5.01692e-08 )
( 5.617e-08 )
( -2.46105e-08 )
( -6.0114e-08 )
( -1.40515e-07 )
( -1.53596e-07 )
( -9.97127e-08 )
( -1.09269e-07 )
( -6.60139e-08 )
( -6.09075e-08 )
( 4.04952e-08 )
( 3.85284e-08 )
( 3.98727e-08 )
( 3.88257e-08 )
( 8.9746e-08 )
( 8.51615e-08 )
( 8.79874e-08 )
( 9.61196e-08 )
( -9.97568e-09 )
( -2.15583e-09 )
( -1.67968e-08 )
( -5.81138e-09 )
( -2.69039e-08 )
( -2.12902e-08 )
( 3.63677e-08 )
( 3.89152e-08 )
( 3.53196e-08 )
( 3.04942e-08 )
( 8.29553e-08 )
( 9.7446e-08 )
( 5.58676e-08 )
( 4.61544e-08 )
( 9.1305e-09 )
( 4.60353e-08 )
( 1.07522e-08 )
( 7.18175e-08 )
( 7.51775e-08 )
( 8.80584e-08 )
( 8.80963e-08 )
( 7.32479e-08 )
( 1.00225e-07 )
( 8.30957e-08 )
( 8.7386e-08 )
( 9.19794e-08 )
( 9.32377e-08 )
( 3.77382e-08 )
( 7.37604e-08 )
( 5.90002e-08 )
( 7.28321e-08 )
( 3.01031e-08 )
( 5.52141e-08 )
( 6.14328e-08 )
( 1.19542e-07 )
( 1.34245e-07 )
( 1.346e-07 )
( 7.45925e-08 )
( 9.0378e-08 )
( 6.26739e-08 )
( 1.2142e-07 )
( 1.22435e-07 )
( 1.43771e-07 )
( 8.53282e-08 )
( 1.10881e-07 )
( 9.08001e-08 )
( 4.07606e-08 )
( 4.87113e-08 )
( 7.92752e-08 )
( 9.0271e-08 )
( 1.15554e-07 )
( 2.70212e-08 )
( 1.13238e-08 )
( -1.28716e-08 )
( 3.6374e-08 )
( 5.72311e-08 )
( 9.11623e-08 )
( 8.194e-08 )
( 9.76307e-08 )
( 7.50413e-08 )
( 9.27436e-08 )
( 7.77666e-08 )
( 1.26922e-07 )
( 1.15874e-07 )
( 1.1479e-07 )
( 7.27198e-08 )
( 1.11841e-07 )
( 1.21289e-07 )
( 4.41038e-08 )
( 3.20188e-08 )
( 1.62767e-08 )
( -2.45016e-09 )
( 1.89647e-08 )
( 4.84041e-08 )
( 2.18668e-09 )
( 1.38078e-08 )
( 2.28146e-08 )
( -2.7773e-08 )
( 1.58397e-08 )
( 4.83532e-08 )
( -7.70525e-08 )
( -8.47877e-08 )
( -1.44249e-08 )
( -5.04092e-08 )
( -9.51968e-09 )
( -5.11255e-08 )
( -8.24593e-08 )
( -5.9599e-08 )
( -5.70289e-08 )
( -1.2286e-08 )
( -4.90137e-08 )
( -2.04387e-08 )
( 8.1271e-08 )
( 5.93393e-08 )
( 7.38402e-08 )
( 4.45876e-08 )
( 6.49869e-08 )
( 4.83785e-08 )
( 2.43798e-08 )
( -3.86571e-09 )
( 3.98467e-08 )
( -1.03423e-08 )
( 2.05219e-08 )
( -2.33398e-08 )
( -5.31245e-08 )
( -5.38422e-08 )
( -2.87132e-08 )
( -2.46577e-08 )
( -1.58738e-08 )
( -4.64246e-08 )
( -7.32928e-09 )
( -2.71202e-08 )
( 4.60483e-08 )
( 6.34332e-08 )
( 4.41896e-08 )
( -1.81845e-08 )
( 2.49382e-08 )
( 4.37087e-09 )
( 1.23922e-07 )
( 9.87937e-08 )
( 8.54658e-08 )
( -1.74119e-09 )
( 1.0651e-07 )
( 9.89268e-08 )
( 1.56649e-07 )
( 1.1453e-07 )
( 1.14584e-07 )
( 8.53914e-08 )
( 4.19297e-08 )
( 1.20671e-07 )
( 1.20635e-07 )
( 1.28925e-07 )
( 6.43324e-08 )
( 8.29253e-08 )
( 6.83015e-08 )
( 5.28468e-08 )
( 6.19511e-08 )
( 4.74401e-08 )
( 6.5898e-08 )
( 4.35454e-08 )
( 6.57409e-08 )
( 3.84043e-08 )
( 6.864e-08 )
( 4.69194e-08 )
( 7.24631e-08 )
( 2.23023e-08 )
( 4.86439e-08 )
( 5.03359e-08 )
( 4.78963e-08 )
( 5.75907e-08 )
( 6.50612e-08 )
( 4.23574e-08 )
( 8.56687e-08 )
( 9.92674e-08 )
( 8.13086e-08 )
( 1.28889e-07 )
( 1.04495e-07 )
( 1.1145e-07 )
( 1.34001e-07 )
( 1.55749e-07 )
( 1.12239e-07 )
( 1.57899e-07 )
( 1.13871e-07 )
( 1.58378e-07 )
( 1.37092e-07 )
( 1.69732e-07 )
( 7.93694e-08 )
( 1.13237e-07 )
( 6.61825e-08 )
( 1.58333e-07 )
( 7.55338e-08 )
( 1.07063e-07 )
( 1.52755e-08 )
( 3.47142e-08 )
( -1.17445e-09 )
( 7.92785e-08 )
( 6.69598e-08 )
( 2.36915e-08 )
( 5.34971e-08 )
( -3.08524e-08 )
( -4.93186e-08 )
( -5.66525e-08 )
( 6.81862e-08 )
( 6.64415e-08 )
( 8.26541e-08 )
( 6.92206e-08 )
( 8.48193e-08 )
( 5.857e-08 )
( 7.3871e-08 )
( 8.94149e-08 )
( 7.53139e-08 )
( 6.98876e-08 )
( 6.15762e-08 )
( 9.7347e-08 )
( 5.74924e-08 )
( 7.77843e-08 )
( 4.43803e-08 )
( 5.83759e-08 )
( 4.84171e-08 )
( 9.65154e-08 )
( 3.76779e-08 )
( 6.18315e-08 )
( 1.62351e-08 )
( 4.94207e-08 )
( 3.23252e-08 )
( 8.98663e-08 )
( 4.4148e-08 )
( 8.84799e-08 )
( -1.09684e-10 )
( 2.98631e-08 )
( 1.04905e-08 )
( 8.14826e-08 )
( 3.4784e-08 )
( 7.38047e-08 )
( -1.30827e-08 )
( 8.42819e-11 )
( -1.26558e-08 )
( 4.25573e-08 )
( 1.60616e-08 )
( 3.37407e-08 )
( -1.72047e-08 )
( -2.15256e-08 )
( -2.82308e-08 )
( -9.5146e-09 )
( 1.55928e-08 )
( 1.85652e-08 )
( -2.77098e-09 )
( -8.93808e-09 )
( -2.12698e-08 )
( -1.50532e-08 )
( -2.69449e-08 )
( 1.59532e-08 )
( 2.6853e-08 )
( 2.03333e-08 )
( 2.77529e-08 )
( 1.51609e-08 )
( 2.75827e-08 )
( -9.26724e-09 )
( -3.57018e-09 )
( 1.97902e-08 )
( 4.64068e-09 )
( 2.36701e-08 )
( 3.23126e-08 )
( 6.48293e-08 )
( 5.73986e-08 )
( 5.79981e-08 )
( 8.61423e-08 )
( 6.80685e-08 )
( 7.35799e-08 )
( -5.20557e-08 )
( -4.43368e-08 )
( -1.11869e-08 )
( 1.45192e-08 )
( 1.51324e-08 )
( 4.50636e-08 )
( 5.94965e-08 )
( 6.57633e-08 )
( 2.89169e-08 )
( 3.71257e-08 )
( 5.3491e-08 )
( 7.63203e-08 )
( 1.00424e-07 )
( 8.3611e-08 )
( 4.91603e-08 )
( 4.962e-08 )
( 5.98987e-08 )
( 2.38717e-08 )
( 6.46332e-08 )
( 4.52217e-08 )
( 9.29752e-08 )
( 7.1378e-08 )
( -3.9762e-09 )
( 2.5588e-09 )
( -3.93852e-08 )
( 1.40373e-08 )
( -5.79574e-09 )
( -2.65412e-08 )
( -7.3104e-08 )
( -4.72037e-08 )
( -4.66026e-08 )
( -1.96858e-08 )
( -6.0211e-08 )
( 1.23898e-08 )
( 3.72164e-08 )
( 1.1693e-08 )
( 1.96444e-09 )
( -5.40031e-09 )
( 3.78976e-08 )
( -1.05791e-08 )
( -3.73095e-09 )
( -3.44807e-08 )
( -3.40085e-08 )
( -3.83093e-08 )
( 2.3081e-08 )
( -4.75433e-08 )
( -4.34456e-08 )
( -1.05861e-08 )
( -2.25668e-08 )
( -6.37113e-08 )
( -1.32147e-08 )
( -9.39419e-08 )
( -9.82014e-08 )
( -4.7253e-08 )
( -4.91272e-08 )
( -9.15824e-08 )
( -1.03177e-07 )
( -5.6083e-08 )
( -7.64028e-08 )
( -7.97809e-08 )
( -2.3022e-08 )
( -2.24471e-08 )
( -5.69608e-08 )
( -6.1192e-08 )
( -6.78676e-08 )
( -6.46815e-08 )
( -7.8156e-08 )
( -8.22462e-08 )
( -7.47226e-08 )
( -1.03265e-07 )
( -7.39814e-08 )
( -5.96758e-08 )
( -6.83752e-08 )
( -9.3222e-08 )
( -9.64966e-08 )
( -1.09579e-07 )
( -1.14537e-07 )
( -8.812e-08 )
( -5.97492e-08 )
( -6.96799e-08 )
( -9.81303e-08 )
( -6.49428e-08 )
( -6.60564e-08 )
( 5.71931e-09 )
( 9.63373e-09 )
( 1.60233e-08 )
( -5.70713e-08 )
( -4.32381e-09 )
( -3.1695e-09 )
( 9.85595e-08 )
( 6.974e-08 )
( 7.47302e-08 )
( -1.23168e-08 )
( 7.54721e-08 )
( 7.44386e-08 )
( 1.4417e-07 )
( 9.81549e-08 )
( 1.03269e-07 )
( 4.01081e-08 )
( 5.96122e-08 )
( 1.14175e-07 )
( 1.11561e-07 )
( 1.12684e-07 )
( 5.59368e-08 )
( 5.5562e-08 )
( -4.39987e-08 )
( -2.96253e-08 )
( -5.17936e-08 )
( -2.11758e-08 )
( -2.80996e-08 )
( -2.4252e-08 )
( -4.46451e-08 )
( -6.97232e-09 )
( 5.24615e-09 )
( 1.33092e-08 )
( -3.01961e-08 )
( -5.15582e-08 )
( -1.68507e-10 )
( -4.65849e-09 )
( 2.17389e-09 )
( 1.52168e-08 )
( -2.42466e-09 )
( -1.7646e-08 )
( 7.22236e-08 )
( 4.11341e-08 )
( 5.82912e-08 )
( 6.98887e-08 )
( 8.44168e-08 )
( 7.23608e-08 )
( 1.42588e-07 )
( 1.00537e-07 )
( 1.01831e-07 )
( 9.69875e-08 )
( 1.34802e-07 )
( 1.39625e-07 )
( 1.55116e-07 )
( 1.10872e-07 )
( 6.64398e-08 )
( 5.46692e-08 )
( 1.06714e-07 )
( 1.47282e-07 )
( 9.60926e-08 )
( 6.77164e-08 )
( -1.82075e-09 )
( -6.15388e-09 )
( 4.25375e-08 )
( 7.19798e-08 )
( 8.81429e-08 )
( 4.03605e-08 )
( 2.66461e-08 )
( -4.12492e-08 )
( -4.82665e-08 )
( -1.79441e-08 )
( 7.43917e-09 )
( 1.75548e-09 )
( 6.28785e-09 )
( 1.87854e-08 )
( 2.59543e-08 )
( -8.92954e-09 )
( 3.61691e-08 )
( 3.7445e-08 )
( 7.84127e-09 )
( 1.77085e-08 )
( 2.85333e-08 )
( 5.82582e-08 )
( 3.84906e-08 )
( 3.9123e-08 )
( 2.2357e-08 )
( 2.92464e-08 )
( 5.09435e-08 )
( 6.97981e-08 )
( 3.14589e-08 )
( 1.08525e-08 )
( 2.01028e-08 )
( 2.59008e-08 )
( 5.28083e-08 )
( 6.97895e-08 )
( 6.85768e-08 )
( 2.20283e-08 )
( 8.61851e-09 )
( 1.41162e-08 )
( 3.11028e-08 )
( 6.80278e-08 )
( 6.28412e-08 )
( 2.228e-08 )
( -1.45437e-09 )
( 1.69216e-09 )
( -5.77162e-09 )
( 2.83028e-08 )
( 2.98077e-08 )
( 1.22019e-08 )
( -8.69833e-09 )
( -1.15711e-08 )
( -3.64287e-08 )
( -2.29182e-08 )
( 2.75563e-08 )
( 2.58668e-08 )
( -6.1937e-09 )
( -6.53173e-09 )
( -1.9131e-08 )
( -3.40122e-08 )
( -1.22343e-08 )
( 3.68148e-08 )
( 4.05255e-08 )
( 1.75483e-08 )
( 3.90966e-08 )
( 4.59397e-08 )
( 7.69772e-09 )
( 1.03859e-08 )
( 1.13011e-08 )
( 4.70562e-08 )
( 7.25557e-08 )
( 9.35723e-08 )
( 5.21557e-08 )
( 4.31612e-08 )
( 2.0708e-08 )
( 8.35102e-09 )
( -6.12854e-08 )
( -5.67731e-08 )
( -2.9481e-08 )
( -4.52393e-08 )
( -5.61377e-09 )
( -2.20101e-08 )
( 5.32841e-08 )
( 5.00195e-08 )
( 1.0101e-07 )
( 9.61487e-08 )
( 1.34599e-07 )
( 1.43008e-07 )
( 4.85558e-08 )
( 5.50219e-08 )
( 2.32116e-08 )
( 3.03014e-08 )
( -2.15684e-08 )
( -5.8964e-09 )
( -2.34322e-08 )
( -2.42892e-08 )
( 2.59388e-08 )
( 3.25436e-08 )
( 8.54205e-08 )
( 1.10921e-07 )
( 7.43205e-08 )
( 5.84476e-08 )
( 3.74728e-08 )
( 8.28019e-08 )
( 2.77922e-08 )
( 6.22301e-08 )
( 8.85764e-08 )
( 7.32242e-08 )
( 9.55088e-08 )
( 8.82153e-08 )
( 1.05129e-07 )
( 1.21548e-07 )
( 9.31825e-08 )
( 1.20922e-07 )
( 4.87421e-08 )
( 6.8526e-08 )
( 7.1088e-08 )
( 7.09491e-08 )
( 2.78154e-08 )
( 7.78316e-08 )
( 6.96045e-08 )
( 1.01286e-07 )
( 2.46477e-08 )
( 3.96435e-08 )
( 5.79728e-08 )
( 1.24032e-07 )
( 1.32754e-07 )
( 1.254e-07 )
( 7.92009e-08 )
( 9.22213e-08 )
( 8.94821e-08 )
( 8.92534e-08 )
( 9.665e-08 )
( 1.13978e-07 )
( 7.9301e-08 )
( 5.89516e-08 )
( 2.80206e-08 )
( 5.61089e-08 )
( 7.75084e-08 )
( 9.79274e-08 )
( 6.35081e-08 )
( 6.46859e-08 )
( 2.83335e-08 )
( -1.45136e-08 )
( -2.36914e-08 )
( 1.28514e-08 )
( 5.26852e-08 )
( 7.4206e-08 )
( 5.29763e-08 )
( 2.20344e-08 )
( -6.03213e-09 )
( 2.9319e-09 )
( 3.2173e-08 )
( 7.68747e-08 )
( 5.50888e-08 )
( 6.71879e-08 )
( 6.95015e-08 )
( 7.62798e-08 )
( 4.96375e-08 )
( 8.33159e-08 )
( 3.03978e-08 )
( 4.3104e-08 )
( -1.04023e-08 )
( 1.87855e-08 )
( 2.92784e-08 )
( 2.1977e-08 )
( 1.10637e-08 )
( -5.46513e-08 )
( -4.22549e-08 )
( -5.37017e-08 )
( 2.98198e-08 )
( -1.7255e-08 )
( -3.6078e-08 )
( 7.08068e-09 )
( -2.94903e-08 )
( -9.4474e-09 )
( -1.67629e-08 )
( -1.05113e-08 )
( 2.38483e-09 )
( 3.29325e-08 )
( -1.24785e-08 )
( 5.76243e-09 )
( 2.8877e-08 )
( 2.1224e-08 )
( 2.37062e-08 )
( 1.14319e-07 )
( 7.91066e-08 )
( 1.02769e-07 )
( 4.40007e-08 )
( 1.42167e-08 )
( 3.37915e-08 )
( 5.02334e-08 )
( 1.27452e-07 )
( 8.68042e-08 )
( 1.05777e-07 )
( 6.62533e-08 )
( 6.23406e-08 )
( 4.92814e-08 )
( 6.15281e-08 )
( 7.1991e-08 )
( 7.74287e-08 )
( 1.06258e-07 )
( 6.95115e-08 )
( 9.67629e-08 )
( 5.1487e-08 )
( 9.12039e-08 )
( 5.63281e-08 )
( 5.0191e-08 )
( 3.63151e-08 )
( 5.96798e-08 )
( 4.14875e-08 )
( 6.67124e-08 )
( 4.96361e-08 )
( 3.97442e-08 )
( 3.19246e-08 )
( 7.23458e-08 )
( 8.827e-08 )
( 7.39757e-08 )
( 5.43949e-08 )
( 7.66187e-08 )
( 8.56009e-08 )
( 9.8034e-08 )
( 1.13095e-07 )
( 8.31538e-08 )
( 9.57447e-08 )
( 1.01421e-07 )
( 1.23594e-07 )
( 8.53911e-08 )
( 9.20411e-08 )
( 6.16587e-08 )
( 1.16291e-07 )
( 1.06902e-07 )
( 1.34362e-07 )
( 2.93445e-08 )
( 3.18955e-08 )
( 1.09985e-08 )
( 1.05175e-07 )
( 1.29892e-07 )
( 9.18469e-08 )
( 1.167e-07 )
( -5.22648e-09 )
( -1.1666e-08 )
( -1.89807e-08 )
( 3.63259e-08 )
( 4.05633e-08 )
( 5.08282e-08 )
( 4.42775e-08 )
( 4.60496e-08 )
( 4.52482e-08 )
( 8.41825e-08 )
( 1.06154e-07 )
( 6.01279e-08 )
( 7.07193e-08 )
( 5.87455e-08 )
( 1.09574e-07 )
( 4.96077e-08 )
( 6.06343e-08 )
( 4.01795e-08 )
( 5.58039e-08 )
( 4.92246e-08 )
( 6.37327e-08 )
( 3.19233e-08 )
( 4.88228e-08 )
( 2.28762e-08 )
( 4.40924e-08 )
( 3.03955e-08 )
( 4.48417e-08 )
( 5.25485e-08 )
( 9.06864e-08 )
( 2.00091e-08 )
( 3.67774e-08 )
( 1.70811e-08 )
( 6.09459e-08 )
( 5.08115e-08 )
( 8.83478e-08 )
( 9.01963e-09 )
( 1.76475e-08 )
( -2.22164e-09 )
( 5.20656e-08 )
( 3.16007e-08 )
( 5.18212e-08 )
( -4.32722e-09 )
( -6.60438e-09 )
( -1.87635e-08 )
( 2.61608e-08 )
( 1.85699e-08 )
( 2.10734e-08 )
( -5.12227e-09 )
( -6.24768e-09 )
( -1.48805e-08 )
( 1.36201e-08 )
( -3.79814e-08 )
( 7.01279e-09 )
( 9.94487e-09 )
( 5.63132e-09 )
( 1.5965e-08 )
( 2.27285e-08 )
( 2.23079e-08 )
( -2.02485e-08 )
( -1.24414e-08 )
( 1.98976e-08 )
( 1.46401e-08 )
( 1.38884e-08 )
( 4.02167e-08 )
( 5.29852e-08 )
( 4.85586e-08 )
( 5.13743e-08 )
( 6.73514e-08 )
( 5.67798e-08 )
( 5.82087e-08 )
( 4.36905e-08 )
( 4.64535e-08 )
( 4.73865e-08 )
( -4.69928e-08 )
( -4.14437e-08 )
( -2.25789e-08 )
( 2.27265e-08 )
( 1.07361e-08 )
( 6.51293e-08 )
( 7.49847e-08 )
( 7.9517e-08 )
( 2.57367e-08 )
( 9.99371e-09 )
( 1.85536e-08 )
( 3.47626e-08 )
( 5.55931e-08 )
( 5.16057e-08 )
( 1.68991e-08 )
( 4.24653e-09 )
( 1.70963e-08 )
( 5.58004e-09 )
( 3.00563e-08 )
( 1.136e-08 )
( 2.87272e-08 )
( -2.40474e-09 )
( 2.55995e-09 )
( -3.4464e-08 )
( -4.46653e-09 )
( -3.74085e-08 )
( 4.80476e-08 )
( 3.55341e-08 )
( -6.29738e-10 )
( -3.27129e-09 )
( -3.11621e-08 )
( -3.93374e-09 )
( -2.39771e-08 )
( -3.6246e-08 )
( -6.73509e-08 )
( -4.48401e-08 )
( -3.47169e-08 )
( -1.58876e-08 )
( -5.65587e-08 )
( -5.66058e-08 )
( 5.25334e-09 )
( -4.50245e-08 )
( -4.79328e-08 )
( -6.22094e-08 )
( -2.50164e-08 )
( -6.89424e-08 )
( -4.61706e-08 )
( -1.19424e-07 )
( -1.11549e-07 )
( -9.6602e-08 )
( -4.51926e-08 )
( -6.77039e-08 )
( -5.5412e-08 )
( -5.12488e-08 )
( -6.20152e-08 )
( -7.0434e-08 )
( -4.13583e-08 )
( -4.92681e-08 )
( -5.59933e-08 )
( 2.40558e-09 )
( -2.23482e-08 )
( -3.39681e-08 )
( -2.49703e-08 )
( 6.7348e-09 )
( -1.88631e-08 )
( 8.065e-08 )
( 5.50522e-08 )
( 4.11529e-08 )
( 1.55543e-09 )
( 1.03354e-08 )
( 5.1835e-08 )
( 1.86439e-08 )
( 1.14202e-07 )
( 8.84921e-08 )
( 7.55565e-08 )
( -3.23242e-08 )
( -3.83511e-08 )
( -3.84492e-08 )
( -1.00011e-08 )
( 6.27767e-09 )
( -1.46058e-08 )
( -1.77549e-08 )
( 4.14368e-08 )
( 3.34075e-08 )
( 2.59297e-08 )
( -3.04734e-08 )
( -1.94329e-08 )
( -2.23522e-08 )
( -7.10429e-09 )
( 9.10772e-09 )
( 2.43787e-09 )
( -3.23069e-08 )
( -1.99325e-08 )
( 1.90238e-09 )
( -1.93408e-08 )
( 3.94334e-08 )
( 2.8712e-08 )
( 3.76121e-08 )
( 1.94133e-08 )
( 5.74496e-08 )
( 2.13688e-08 )
( 7.37356e-08 )
( 5.5012e-08 )
( 9.03059e-08 )
( 6.11842e-08 )
( 1.07952e-07 )
( 6.78699e-08 )
( 6.07688e-08 )
( 4.05306e-08 )
( 8.98646e-08 )
( 1.02533e-07 )
( 1.19154e-07 )
( 9.40055e-08 )
( 1.62213e-08 )
( 7.50355e-09 )
( 5.41454e-08 )
( 1.36746e-07 )
( 1.06036e-07 )
( 1.00221e-07 )
( 9.66863e-08 )
( -9.14731e-09 )
( -1.28737e-08 )
( 1.54079e-08 )
( 1.35692e-08 )
( 1.51616e-08 )
( 2.73077e-08 )
( 2.45563e-08 )
( 5.17396e-08 )
( 7.41435e-09 )
( 5.32176e-08 )
( 6.55856e-08 )
( 3.09871e-08 )
( 3.68274e-08 )
( 4.41437e-08 )
( 7.28854e-08 )
( 8.12405e-09 )
( 1.41317e-08 )
( 2.39409e-08 )
( 2.11367e-08 )
( 3.69718e-08 )
( 1.73263e-08 )
( 7.84628e-09 )
( -1.42773e-08 )
( 4.99318e-09 )
( 2.98086e-09 )
( 2.30322e-08 )
( 2.75511e-09 )
( 6.5602e-08 )
( 1.71745e-08 )
( 2.92253e-09 )
( 2.13598e-09 )
( 1.81613e-08 )
( 1.95813e-08 )
( 8.39677e-08 )
( 3.84017e-08 )
( 4.3956e-09 )
( 2.18399e-09 )
( 6.03628e-09 )
( 2.02986e-08 )
( 6.09822e-08 )
( 3.5461e-08 )
( 1.66382e-09 )
( -6.24418e-10 )
( -8.63973e-09 )
( 1.11689e-08 )
( 4.85141e-08 )
( 4.4563e-08 )
( 8.85539e-09 )
( 1.62142e-08 )
( 9.42707e-09 )
( -4.41985e-08 )
( 3.53997e-08 )
( 2.07304e-08 )
( 4.06615e-08 )
( 3.40429e-08 )
( 6.81822e-08 )
( 4.92548e-08 )
( 1.76849e-08 )
( -2.87857e-09 )
( 1.93424e-08 )
( 5.28487e-08 )
( 5.33826e-08 )
( 7.22808e-08 )
( 5.63163e-08 )
( 3.91018e-08 )
( 3.33849e-08 )
( 2.59884e-08 )
( 4.5106e-09 )
( 8.28618e-09 )
( 4.05647e-08 )
( 4.95973e-08 )
( 7.05511e-08 )
( 6.18834e-08 )
( 1.44376e-07 )
( 1.42744e-07 )
( 9.56199e-08 )
( 8.08314e-08 )
( 3.89235e-08 )
( 5.94959e-08 )
( -4.66407e-08 )
( -5.02606e-08 )
( 3.31984e-08 )
( 5.24901e-08 )
( 6.16387e-08 )
( 8.57985e-08 )
( 7.86072e-08 )
( 6.44933e-08 )
( 3.96061e-08 )
( 5.88557e-08 )
( 4.07459e-08 )
( 8.48802e-08 )
( 7.84378e-08 )
( 7.1551e-08 )
( 9.5911e-08 )
( 9.86284e-08 )
( 1.02157e-07 )
( 7.14348e-08 )
( 7.31007e-08 )
( 8.4771e-08 )
( 9.57087e-08 )
( 7.51388e-08 )
( 9.87792e-08 )
( 6.08704e-08 )
( 7.42383e-08 )
( 7.3864e-08 )
( 5.9721e-08 )
( 1.90869e-08 )
( 4.96358e-08 )
( 6.75375e-08 )
( 7.72796e-08 )
( 1.9621e-08 )
( 7.00868e-08 )
( 6.63405e-08 )
( 1.0045e-07 )
( 9.06338e-08 )
( 9.60617e-08 )
( 6.27391e-08 )
( 5.10367e-08 )
( 3.00257e-08 )
( 4.83163e-08 )
( 3.72284e-08 )
( 5.07644e-08 )
( 4.83983e-08 )
( 5.62244e-08 )
( 5.26372e-08 )
( 1.95966e-09 )
( 8.62099e-09 )
( 1.97902e-08 )
( 6.77771e-08 )
( 2.95486e-08 )
( 9.50136e-09 )
( 3.56194e-08 )
( 4.06196e-08 )
( 6.74882e-08 )
( 5.01234e-08 )
( 3.39213e-08 )
( 1.25476e-08 )
( 4.52985e-08 )
( 2.80829e-08 )
( 5.05871e-08 )
( 4.41645e-08 )
( 6.87593e-08 )
( 5.65822e-08 )
( 4.95704e-08 )
( 3.71799e-08 )
( 2.19566e-08 )
( 3.98185e-08 )
( 6.22541e-08 )
( 6.87999e-08 )
( 5.09241e-08 )
( 9.35187e-08 )
( 8.80958e-08 )
( 1.01843e-07 )
( 1.78726e-07 )
( 1.49791e-07 )
( 1.27523e-07 )
( 8.53157e-08 )
( 1.15408e-07 )
( 1.52618e-07 )
( 8.47884e-08 )
( 5.7052e-08 )
( 7.51482e-08 )
( 6.85687e-08 )
( 7.6028e-08 )
( 6.87095e-08 )
( 5.39186e-08 )
( 3.66774e-08 )
( 6.09072e-08 )
( 5.06711e-08 )
( 4.93529e-08 )
( 4.94942e-08 )
( 5.40672e-08 )
( 3.59231e-08 )
( 7.30977e-08 )
( 6.22075e-08 )
( 5.63881e-08 )
( 4.00877e-08 )
( 8.30931e-08 )
( 9.56537e-08 )
( 7.43776e-08 )
( 6.93985e-08 )
( 5.73175e-08 )
( 7.961e-08 )
( 7.56135e-08 )
( 8.56466e-08 )
( 8.28846e-08 )
( 7.83556e-08 )
( 7.59391e-08 )
( 6.50227e-08 )
( 5.82505e-08 )
( 2.6654e-08 )
( 3.3925e-08 )
( 7.86388e-08 )
( 8.46093e-08 )
( 7.55009e-08 )
( 3.11443e-08 )
( 3.12501e-08 )
( 3.23641e-08 )
( 3.40573e-08 )
( 2.82222e-08 )
( 3.59327e-08 )
( 8.95672e-08 )
( 1.11301e-07 )
( 5.29157e-08 )
( 7.71999e-08 )
( 5.87092e-08 )
( 1.13146e-07 )
( 4.75782e-08 )
( 5.56315e-08 )
( 3.73077e-08 )
( 3.21532e-08 )
( 4.10623e-08 )
( 4.59392e-08 )
( 4.32287e-08 )
( 6.64306e-08 )
( 2.6016e-08 )
( 2.29522e-08 )
( 2.22464e-08 )
( 6.46504e-08 )
( 5.50135e-08 )
( 8.13095e-08 )
( 3.30811e-08 )
( 3.2257e-08 )
( 1.98578e-08 )
( 7.86761e-08 )
( 5.61378e-08 )
( 8.23193e-08 )
( 3.07288e-08 )
( 2.56892e-08 )
( 1.41393e-08 )
( 8.69078e-08 )
( 4.30143e-08 )
( 6.20946e-08 )
( 1.68821e-08 )
( 1.32493e-08 )
( 5.55034e-09 )
( 6.70887e-08 )
( 4.33396e-08 )
( 4.62851e-08 )
( 7.03246e-09 )
( 6.68713e-09 )
( 8.98333e-09 )
( 3.37212e-08 )
( 1.65646e-09 )
( 5.13346e-08 )
( 5.67933e-08 )
( 6.84237e-09 )
( 1.95286e-08 )
( 3.98139e-08 )
( 3.45656e-08 )
( -2.97065e-08 )
( -2.62094e-08 )
( 6.85439e-09 )
( 1.58971e-08 )
( 2.5137e-09 )
( 3.51898e-08 )
( 3.0418e-08 )
( 2.78907e-08 )
( 3.04969e-08 )
( 3.36455e-08 )
( 3.30332e-08 )
( 2.86852e-08 )
( 3.19951e-08 )
( 3.32474e-08 )
( 2.96877e-08 )
( 3.75022e-08 )
( 4.0676e-08 )
( 3.71836e-08 )
( -5.66717e-08 )
( -5.0378e-08 )
( -1.37532e-08 )
( -7.76249e-09 )
( 2.22136e-09 )
( 5.20704e-08 )
( 5.92763e-08 )
( 4.76544e-08 )
( -3.23454e-09 )
( -1.36594e-08 )
( -2.14384e-09 )
( -3.60936e-08 )
( -2.14184e-08 )
( -1.78777e-08 )
( -1.12307e-08 )
( -1.88093e-08 )
( -2.07887e-08 )
( -3.17454e-08 )
( -2.46637e-08 )
( -3.31891e-08 )
( -4.28524e-09 )
( -2.82496e-08 )
( -3.74177e-08 )
( -1.5786e-08 )
( -4.61291e-09 )
( -2.70244e-08 )
( -7.14751e-10 )
( -1.30773e-08 )
( -2.58865e-08 )
( 5.51334e-09 )
( 1.30695e-08 )
( -1.26132e-08 )
( 5.25123e-08 )
( 1.79062e-08 )
( 3.11766e-08 )
( 8.73525e-09 )
( 1.60839e-08 )
( 1.36604e-08 )
( 1.17296e-08 )
( -3.33933e-08 )
( -2.99215e-08 )
( -6.68746e-09 )
( 2.82608e-08 )
( 6.3697e-08 )
( 1.7892e-08 )
( 5.97354e-08 )
( 1.28536e-07 )
( 7.54951e-08 )
( 5.81611e-08 )
( 9.43775e-09 )
( 6.99235e-08 )
( 6.85297e-09 )
( 3.39237e-08 )
( 1.90509e-08 )
( 6.68155e-09 )
( -6.33293e-09 )
( 1.30557e-08 )
( -2.08585e-08 )
( -7.36505e-09 )
( 1.2876e-08 )
( 2.11245e-09 )
( 1.08852e-08 )
( -6.78192e-09 )
( -7.79004e-10 )
( -6.04111e-09 )
( 1.67351e-08 )
( -3.15051e-09 )
( 2.69749e-08 )
( 6.28249e-09 )
( 5.65415e-08 )
( 3.54908e-08 )
( 4.21667e-08 )
( 2.39792e-08 )
( 5.90713e-08 )
( 4.53937e-08 )
( 7.05973e-08 )
( 4.63119e-08 )
( 6.47477e-08 )
( 5.5007e-08 )
( 8.10438e-08 )
( 3.85835e-08 )
( 3.90665e-08 )
( 2.76387e-08 )
( 1.29988e-08 )
( 7.1344e-08 )
( 6.80371e-08 )
( 7.47725e-08 )
( 2.39135e-08 )
( 2.47156e-08 )
( 4.971e-08 )
( 2.78344e-08 )
( 6.26014e-08 )
( 2.47156e-08 )
( 6.14316e-08 )
( 7.45746e-08 )
( 4.63827e-08 )
( 4.21437e-08 )
( 5.79653e-08 )
( 7.71827e-08 )
( -6.82227e-09 )
( -2.3075e-09 )
( 7.91101e-09 )
( -4.33904e-09 )
( -4.78276e-09 )
( -9.61979e-09 )
( 1.81583e-08 )
( -7.22399e-09 )
( -1.88412e-08 )
( -2.22826e-08 )
( -2.42808e-08 )
( -4.29403e-09 )
( 6.17073e-08 )
( 2.44998e-08 )
( -9.25747e-09 )
( -1.08814e-08 )
( -8.12967e-09 )
( 2.16605e-08 )
( 7.27957e-08 )
( 3.43544e-08 )
( 7.29774e-09 )
( 2.7138e-09 )
( 5.60715e-09 )
( 4.22125e-08 )
( 6.44753e-08 )
( 3.57792e-08 )
( 1.21121e-08 )
( 7.80813e-09 )
( 1.17675e-08 )
( 5.23593e-08 )
( 6.13192e-08 )
( 5.21671e-08 )
( 2.25052e-08 )
( 3.11131e-08 )
( 3.28288e-08 )
( 6.70413e-10 )
( 6.42304e-08 )
( 4.92696e-08 )
( 6.40071e-08 )
( 4.24994e-08 )
( 7.75777e-08 )
( 5.22082e-08 )
( 2.83688e-08 )
( -1.19138e-08 )
( 2.08764e-08 )
( 5.69886e-08 )
( 5.00465e-08 )
( 6.73913e-08 )
( 7.44087e-08 )
( 5.76347e-08 )
( 3.63609e-08 )
( 2.98134e-08 )
( 2.00785e-08 )
( 3.16889e-08 )
( 8.29557e-09 )
( -8.12997e-09 )
( -5.71668e-08 )
( -5.20202e-08 )
( -1.34057e-08 )
( -2.55229e-08 )
( 4.94635e-08 )
( 6.51927e-08 )
( 7.73828e-08 )
( 9.14576e-08 )
( 7.97805e-08 )
( 7.74652e-08 )
( 2.96517e-08 )
( 5.47255e-08 )
( 2.41024e-08 )
( 8.11804e-08 )
( 8.07465e-08 )
( 5.30781e-08 )
( 6.64637e-08 )
( 6.55988e-08 )
( 5.76706e-08 )
( 6.28015e-08 )
( 8.96272e-08 )
( 8.04219e-08 )
( 4.6862e-08 )
( 6.85646e-08 )
( 6.9151e-08 )
( 6.52116e-08 )
( 6.75485e-08 )
( 8.28267e-08 )
( 6.23399e-08 )
( 7.81275e-08 )
( 7.87988e-08 )
( 2.59116e-08 )
( 4.37199e-08 )
( 4.33201e-08 )
( 1.00133e-07 )
( 8.45517e-08 )
( 4.72688e-08 )
( 8.63786e-08 )
( 9.72428e-08 )
( 1.88579e-07 )
( 1.80157e-07 )
( 1.76854e-07 )
( 6.58178e-08 )
( 9.07663e-08 )
( 8.50519e-08 )
( 1.24376e-07 )
( 1.16325e-07 )
( 1.23728e-07 )
( 6.77361e-08 )
( 4.71122e-08 )
( 2.86867e-08 )
( 9.79713e-08 )
( 6.7485e-08 )
( 8.48502e-08 )
( 4.55183e-08 )
( 4.21238e-08 )
( 4.91134e-08 )
( 6.74246e-08 )
( 4.72927e-08 )
( 5.67363e-08 )
( 6.4437e-08 )
( 3.50172e-08 )
( 1.41225e-08 )
( 7.80285e-08 )
( 5.41797e-08 )
( 7.65745e-08 )
( 5.14944e-08 )
( 1.40952e-08 )
( 6.23835e-09 )
( 4.44882e-08 )
( 1.63955e-08 )
( 2.24281e-08 )
( 2.98941e-08 )
( 5.36665e-08 )
( 4.72084e-09 )
( -1.43796e-08 )
( -5.21159e-09 )
( -1.35597e-08 )
( -3.2095e-09 )
( 8.53469e-09 )
( 1.11287e-08 )
( 5.45982e-08 )
( 2.62047e-08 )
( 3.16953e-08 )
( 1.15678e-08 )
( 6.50547e-08 )
( 9.9513e-08 )
( 4.74713e-08 )
( 7.05638e-08 )
( 4.38011e-08 )
( 8.26086e-08 )
( 7.75943e-08 )
( 1.12295e-07 )
( 3.9589e-08 )
( 3.16311e-08 )
( 3.98707e-08 )
( 1.00321e-07 )
( 7.50626e-08 )
( 9.55088e-08 )
( 4.37817e-08 )
( 4.22098e-08 )
( 3.53197e-08 )
( 8.60192e-08 )
( 7.08583e-08 )
( 8.54608e-08 )
( 4.61993e-08 )
( 5.37233e-08 )
( 3.60157e-08 )
( 9.08588e-08 )
( 6.59208e-08 )
( 7.03697e-08 )
( 5.00252e-08 )
( 5.95768e-08 )
( 4.567e-08 )
( 8.03633e-08 )
( 7.50503e-08 )
( 8.34718e-08 )
( 3.61311e-08 )
( 5.9818e-08 )
( 4.38945e-08 )
( 8.21505e-08 )
( 6.04119e-08 )
( 3.8095e-08 )
( 3.25213e-08 )
( 4.34137e-08 )
( 5.28273e-08 )
( 4.33557e-08 )
( -8.74403e-08 )
( 3.13223e-08 )
( -9.32267e-09 )
( 3.66028e-08 )
( 4.44173e-08 )
( 6.54734e-08 )
( 5.77361e-08 )
( -2.25742e-08 )
( -1.99532e-08 )
( -8.69277e-09 )
( 1.69763e-08 )
( -1.75952e-09 )
( 2.1432e-08 )
( 7.3882e-09 )
( 9.0455e-09 )
( 1.42402e-08 )
( -4.83028e-09 )
( 1.07133e-08 )
( 6.99329e-09 )
( -1.10801e-08 )
( 9.51457e-09 )
( 5.02888e-09 )
( 3.82174e-09 )
( 1.75953e-08 )
( 1.84879e-08 )
( 3.14194e-08 )
( 3.40813e-08 )
( 4.21071e-08 )
( 5.88714e-09 )
( 1.29072e-08 )
( 5.35795e-08 )
( 5.78917e-08 )
( 6.278e-08 )
( 1.69628e-07 )
( 1.57644e-07 )
( 1.33318e-07 )
( 2.93165e-08 )
( 2.06836e-08 )
( 2.72038e-08 )
( 6.67344e-08 )
( 6.20364e-08 )
( 5.69423e-08 )
( -1.35571e-09 )
( -1.09022e-08 )
( -1.47856e-08 )
( 3.70109e-08 )
( 2.5233e-08 )
( 1.65974e-08 )
( -1.63799e-08 )
( -2.26892e-08 )
( -3.21256e-08 )
( 2.08791e-08 )
( 6.07959e-09 )
( -9.9491e-10 )
( -1.78164e-08 )
( -3.02235e-08 )
( -3.95511e-08 )
( 2.48077e-08 )
( 7.43291e-09 )
( 3.72906e-09 )
( -1.298e-08 )
( -4.20379e-08 )
( -4.28502e-08 )
( 6.50732e-09 )
( -9.86104e-09 )
( -1.42702e-08 )
( 3.38711e-08 )
( -1.36553e-08 )
( -4.51058e-08 )
( -2.94016e-08 )
( -3.83448e-08 )
( -4.25433e-08 )
( -4.47069e-08 )
( 5.02107e-09 )
( 3.68227e-08 )
( 6.29929e-08 )
( 2.36416e-08 )
( 5.23098e-08 )
( 4.60863e-08 )
( 6.18966e-08 )
( 6.40226e-08 )
( 4.72882e-08 )
( 3.14768e-08 )
( 5.39827e-08 )
( 6.07689e-08 )
( 7.00485e-08 )
( 5.12955e-08 )
( -6.48266e-09 )
( -7.7811e-09 )
( -1.11351e-08 )
( 4.34096e-08 )
( 6.25966e-08 )
( 4.43234e-08 )
( -1.92071e-08 )
( -1.1019e-08 )
( -1.25559e-08 )
( 3.81876e-08 )
( 5.53732e-08 )
( 3.30878e-08 )
( -6.51913e-09 )
( -4.17448e-09 )
( 7.58941e-09 )
( 3.60686e-08 )
( 5.25192e-08 )
( 3.06566e-08 )
( 3.54853e-09 )
( 5.23792e-09 )
( 2.71837e-08 )
( 4.24978e-08 )
( 4.61432e-08 )
( 3.3206e-08 )
( 9.27942e-09 )
( 1.8384e-08 )
( 4.21644e-08 )
( 4.60618e-08 )
( 1.7602e-08 )
( 2.95318e-08 )
( 2.52346e-08 )
( 3.97873e-08 )
( 5.14745e-08 )
( -1.10717e-07 )
( 2.17535e-08 )
( -2.67731e-08 )
( 1.24512e-08 )
( 4.78767e-08 )
( 7.1116e-08 )
( 4.39137e-08 )
( 3.40608e-08 )
( 2.31459e-09 )
( 3.36869e-08 )
( 6.33364e-08 )
( 3.27153e-08 )
( 5.19693e-08 )
( 1.68251e-08 )
( -9.2682e-09 )
( -3.32923e-08 )
( -3.67027e-08 )
( -1.22591e-07 )
( -1.18254e-07 )
( -1.69704e-08 )
( -2.92104e-08 )
( 2.11054e-08 )
( 1.41584e-08 )
( 6.07519e-08 )
( 6.45793e-08 )
( -1.6406e-08 )
( 2.31283e-08 )
( -1.91688e-08 )
( 7.70924e-08 )
( 5.4287e-08 )
( 4.05193e-08 )
( 9.53496e-08 )
( 7.43923e-08 )
( 5.40817e-08 )
( 5.78421e-08 )
( 5.70402e-08 )
( 4.33071e-08 )
( 5.85282e-08 )
( 8.13075e-08 )
( 6.51423e-08 )
( 5.73923e-08 )
( 7.84809e-08 )
( 7.84949e-08 )
( 3.71541e-08 )
( 6.21246e-08 )
( 8.08615e-08 )
( 3.3932e-08 )
( 5.7355e-08 )
( 6.98588e-08 )
( -1.80593e-07 )
( -1.02285e-07 )
( -4.44962e-09 )
( -2.90455e-08 )
( -3.97437e-08 )
( -1.03191e-07 )
( -2.66383e-08 )
( 2.24758e-08 )
( 1.43319e-08 )
( 5.14168e-08 )
( 1.53856e-08 )
( 1.568e-08 )
( 3.04666e-08 )
( 2.75658e-08 )
( 4.53513e-08 )
( 8.38889e-08 )
( 5.28329e-08 )
( 2.06508e-08 )
( 3.22083e-08 )
( 5.05835e-08 )
( 5.39659e-08 )
( 6.78612e-08 )
( 4.76633e-08 )
( 4.44597e-08 )
( 3.81768e-08 )
( 3.7483e-08 )
( 6.23278e-08 )
( 7.06287e-08 )
( 6.0886e-08 )
( 5.72707e-08 )
( 6.29837e-08 )
( 7.27881e-08 )
( 5.73373e-08 )
( 6.78358e-08 )
( 6.93193e-08 )
( 8.97458e-08 )
( 8.98222e-08 )
( 8.73658e-08 )
( 6.97535e-08 )
( 6.42141e-08 )
( 8.2457e-08 )
( 1.09277e-07 )
( 9.24435e-08 )
( 6.63721e-08 )
( 6.85244e-08 )
( 5.11075e-08 )
( 7.97627e-08 )
( 7.11862e-08 )
( -1.9925e-08 )
( 6.26718e-08 )
( 3.86681e-08 )
( 5.44958e-08 )
( 3.44093e-10 )
( 4.953e-08 )
( 4.00227e-08 )
( 1.74634e-08 )
( 1.89737e-08 )
( 1.08715e-08 )
( 7.29427e-08 )
( 3.6706e-08 )
( 2.4393e-08 )
( 4.96579e-08 )
( 1.93954e-08 )
( 8.88905e-09 )
( 1.92623e-08 )
( 6.83357e-09 )
( -1.04612e-09 )
( -3.37619e-09 )
( -1.80447e-09 )
( -6.08557e-09 )
( -2.05986e-08 )
( -4.47545e-09 )
( -1.39874e-09 )
( -2.90169e-08 )
( -8.41493e-10 )
( 8.40657e-09 )
( -2.40239e-08 )
( 9.69543e-09 )
( 1.96678e-08 )
( -1.97213e-08 )
( -5.87809e-09 )
( 3.64073e-08 )
( 4.94754e-08 )
( 4.67016e-08 )
( 3.24953e-08 )
( 3.60594e-08 )
( 5.95471e-08 )
( 3.69594e-08 )
( 3.58101e-08 )
( 3.71375e-08 )
( 1.74475e-08 )
( 3.03944e-08 )
( 4.52211e-08 )
( 1.86644e-08 )
( 1.6455e-08 )
( 6.91499e-09 )
( 1.13202e-08 )
( 1.67113e-08 )
( 3.06596e-08 )
( 8.41028e-09 )
( 2.27719e-09 )
( -4.75678e-09 )
( 2.99199e-09 )
( 8.37516e-09 )
( 1.89793e-08 )
( 6.76919e-09 )
( -7.80407e-09 )
( -7.4382e-09 )
( 1.49041e-09 )
( 7.90263e-09 )
( 1.37529e-08 )
( 6.55765e-09 )
( -5.10307e-09 )
( 1.81292e-09 )
( 5.17887e-09 )
( 1.17014e-08 )
( 1.33135e-08 )
( 1.44351e-08 )
( -1.18361e-09 )
( 1.61626e-08 )
( 1.52276e-08 )
( 1.86904e-08 )
( 7.95596e-09 )
( -4.18976e-08 )
( 6.24517e-09 )
( -1.81139e-08 )
( 1.78525e-08 )
( 2.36608e-08 )
( 9.83073e-09 )
( -3.48549e-08 )
( -3.28984e-08 )
( 3.10563e-08 )
( 2.71367e-08 )
( 2.16279e-08 )
( -3.55273e-09 )
( 1.71789e-08 )
( -1.99624e-09 )
( -4.47119e-08 )
( -2.24132e-08 )
( -3.91325e-08 )
( -4.25631e-08 )
( -3.44608e-08 )
( -4.77981e-07 )
( -1.77864e-07 )
( -4.77882e-07 )
( -3.87873e-08 )
( 1.41095e-08 )
( 2.45079e-09 )
( 2.98377e-08 )
( 2.76384e-08 )
( 4.67952e-08 )
( 2.85326e-08 )
( 4.13141e-08 )
( 3.9063e-08 )
( 4.60041e-08 )
( 6.27739e-08 )
( 5.26049e-08 )
( 8.08682e-08 )
( 9.86771e-08 )
( 7.68547e-08 )
( 1.15064e-07 )
( 1.2102e-07 )
( 9.83986e-08 )
( 1.18335e-07 )
( 1.04126e-07 )
( 8.09569e-08 )
( 7.29605e-08 )
( -3.73779e-09 )
( -1.0532e-09 )
( -1.96009e-08 )
( -1.09455e-07 )
( -1.40637e-07 )
( -3.6617e-08 )
( 4.79804e-08 )
( 1.07336e-07 )
( 3.67969e-08 )
( 2.76279e-08 )
( 3.81177e-08 )
( 4.45829e-09 )
( 2.78545e-09 )
( 2.32562e-08 )
( -1.83361e-09 )
( 3.12493e-09 )
( 2.22204e-08 )
( 4.79765e-09 )
( 5.3252e-09 )
( 1.6139e-08 )
( 1.35585e-08 )
( 1.14574e-08 )
( 1.28962e-08 )
( 3.05386e-08 )
( 2.45323e-08 )
( 2.36111e-08 )
( 4.04045e-08 )
( 6.18883e-09 )
( -5.38618e-08 )
( -4.99895e-08 )
( -4.80404e-08 )
( -1.43465e-07 )
( -1.56235e-07 )
